9.999965970224372613e-01 -2.314248795387756179e-03 -1.204240863937476331e-03 -4.419560000000000220e-04 2.318125189127395042e-03 9.999921044973479889e-01 3.227574719915829622e-03 -1.084988000000000055e-03 1.196761944942952190e-03 -3.230355317631945777e-03 9.999940662650799172e-01 6.569124799999999376e-02
9.999942314461425230e-01 -2.478398925164949137e-03 -2.322630665122299692e-03 -1.207518999999999997e-03 2.488378370862650343e-03 9.999876433445171742e-01 4.303618403398660336e-03 -1.986013000000000014e-03 2.311935881950053558e-03 -4.309373161654710474e-03 9.999880420562194949e-01 1.306492240000000082e-01
9.999921388577192038e-01 -1.183621352275609226e-03 -3.784344495194200131e-03 -1.843032000000000090e-03 1.197777888646907709e-03 9.999922860644410161e-01 3.740740533984170894e-03 -2.366685999999999790e-03 3.779887682635285108e-03 -3.745243931649963869e-03 9.999858426982849435e-01 1.956959960000000109e-01
9.999863994428997982e-01 -2.048787934167238132e-04 -5.211425323774473810e-03 -2.626186999999999879e-03 2.245870028978407364e-04 9.999928251591461148e-01 3.781427099338006102e-03 -3.266857000000000181e-03 5.210613198405648037e-03 -3.782546088217113647e-03 9.999792707127418412e-01 2.607862950000000013e-01
9.999793275161427131e-01 -4.005690515959989912e-04 -6.417482746216316564e-03 -3.455450000000000101e-03 4.265449755766878483e-04 9.999917206034835138e-01 4.046823923584230535e-03 -3.976486000000000430e-03 6.415808580910975847e-03 -4.049477610703245030e-03 9.999712191514982251e-01 3.256808820000000049e-01
9.999685439473572357e-01 -4.837355918125856480e-04 -7.916888004731776132e-03 -4.561716000000000382e-03 5.180941433103222445e-04 9.999904547522676657e-01 4.338430915862785675e-03 -4.507739999999999664e-03 7.914713782627877739e-03 -4.342396139260004673e-03 9.999592496204576797e-01 3.894186020000000026e-01
9.999493709308658884e-01 -2.289117945791470984e-03 -9.798750634437468007e-03 -5.029253000000000022e-03 2.323836504270637097e-03 9.999910579463519023e-01 3.533243727413318096e-03 -5.254398999999999875e-03 9.790575001860332346e-03 -3.555835536992926066e-03 9.999457488657905735e-01 4.542924460000000164e-01
9.999349850696012121e-01 -3.654460375702903684e-03 -1.080141440825689060e-02 -6.306217999999999720e-03 3.696350617992571336e-03 9.999857154965190453e-01 3.860802380805623997e-03 -5.889202999999999973e-03 1.078715096609610298e-02 -3.900477185830706142e-03 9.999342096616944398e-01 5.182007549999999574e-01
9.999219726545294229e-01 -3.125004474428223940e-03 -1.209474884854323806e-02 -7.301710999999999792e-03 3.172376789277189801e-03 9.999873646264260119e-01 3.899565745336002354e-03 -6.792560999999999911e-03 1.208240986647075160e-02 -3.937630573091661056e-03 9.999192519585210492e-01 5.824027659999999607e-01
9.999100195740575625e-01 -2.668366754763639315e-03 -1.314658032607356544e-02 -8.400298000000000487e-03 2.720881286414182382e-03 9.999883850030595323e-01 3.978273997338877335e-03 -7.498916999999999909e-03 1.313581213450746091e-02 -4.013686314939635819e-03 9.999056659314078388e-01 6.460284590000000549e-01
9.999027193134062408e-01 -1.372842128714107717e-03 -1.388046159698002983e-02 -9.473458000000000573e-03 1.436806145990022045e-03 9.999883910212856719e-01 4.599283722413851846e-03 -8.337891999999999526e-03 1.387398636854076696e-02 -4.618779833467215323e-03 9.998930839720292507e-01 7.097049359999999529e-01
9.998972736167007769e-01 -2.261590944970980001e-04 -1.433147117195205170e-02 -1.073279499999999984e-02 3.042453105539595268e-04 9.999851206771204204e-01 5.446637417338475243e-03 -9.034062000000000689e-03 1.433002612277878632e-02 -5.450438186872855889e-03 9.998824646301641694e-01 7.738527060000000013e-01
9.998852802745465951e-01 7.941675007560399608e-04 -1.512599048896002413e-02 -1.182301399999999975e-02 -6.985702430135843277e-04 9.999797574013753465e-01 6.324301313345777331e-03 -9.676937000000000039e-03 1.513070685417380531e-02 -6.313009224383731716e-03 9.998655947799313104e-01 8.371799589999999736e-01
9.998933372020555321e-01 1.859275565343227604e-03 -1.448645275106277656e-02 -1.308519099999999949e-02 -1.770082506824576744e-03 9.999794148495436685e-01 6.167388838348590412e-03 -1.002175200000000009e-02 1.449762142062242971e-02 -6.141088790798482529e-03 9.998760453184224462e-01 8.941332100000000116e-01
9.998702248257118619e-01 1.681006499221970700e-03 -1.602210111471163989e-02 -1.416678900000000081e-02 -1.586289312269101911e-03 9.999812034574494524e-01 5.922534762155474281e-03 -1.005518099999999984e-02 1.603175577403333912e-02 -5.896350476416125155e-03 9.998540972851294173e-01 9.625406269999999820e-01
9.998627827342151386e-01 2.325870050031288855e-03 -1.640140333941711784e-02 -1.496248799999999948e-02 -2.220254604414406176e-03 9.999767034738947791e-01 6.454686589914168139e-03 -1.059964499999999955e-02 1.641603400591787679e-02 -6.417385604185602867e-03 9.998446534284832765e-01 1.025707721999999933e+00
9.998701675194332505e-01 3.104770966507748586e-03 -1.581165715243160880e-02 -1.666771800000000150e-02 -2.986056613162890207e-03 9.999672200321174653e-01 7.526109695035526972e-03 -1.111134000000000080e-02 1.583450569368988203e-02 -7.477918058139720534e-03 9.998466628293321001e-01 1.087390422999999995e+00
9.998689079805864743e-01 3.219165208537556975e-03 -1.586832785991040135e-02 -1.740483899999999834e-02 -3.115413605816212770e-03 9.999736386667213983e-01 6.558671336646133138e-03 -1.184718100000000003e-02 1.588902299621227504e-02 -6.508375142659625703e-03 9.998525791341582591e-01 1.143185853999999946e+00
9.998599591633224870e-01 4.539540423991303766e-03 -1.610759555793618916e-02 -1.856713899999999987e-02 -4.467201753560785457e-03 9.999797880716149168e-01 4.524108391822646152e-03 -1.262701400000000064e-02 1.612780736529551354e-02 -4.451518952776175458e-03 9.998600291083752367e-01 1.209776162999999904e+00
9.998691171917672982e-01 2.042709196361025721e-03 -1.604916899079168388e-02 -1.964800099999999827e-02 -1.980179584982321578e-03 9.999903912293869324e-01 3.911053273568818045e-03 -1.270415400000000049e-02 1.605700392249770000e-02 -3.878761147141729024e-03 9.998635546098258997e-01 1.264132977000000047e+00
9.998754294195090209e-01 1.848091678597731666e-03 -1.567514594190312291e-02 -2.089151200000000097e-02 -1.742064126763407913e-03 9.999755318955904082e-01 6.775014591079661988e-03 -1.352346599999999961e-02 1.568728324888373285e-02 -6.746863514152046104e-03 9.998541838573216101e-01 1.329860330000000035e+00
9.998876915266344811e-01 3.132978126495371599e-04 -1.498353022550149259e-02 -2.261448799999999856e-02 -1.974080443912638763e-04 9.999700623973527547e-01 7.735330574611925213e-03 -1.359168499999999918e-02 1.498550511667649625e-02 -7.731503962044218407e-03 9.998578191337421650e-01 1.382449626999999959e+00
9.998830796311604097e-01 -6.749569872791597860e-04 -1.527650157503390206e-02 -2.303201699999999838e-02 7.892339847635285047e-04 9.999717444995177562e-01 7.475781718891060315e-03 -1.462441100000000035e-02 1.527102409872974249e-02 -7.486964381946433281e-03 9.998553601333142193e-01 1.448922395999999946e+00
9.998856996908427330e-01 -8.107544704156856904e-04 -1.509735840942943996e-02 -2.412263900000000127e-02 8.922427079374342738e-04 9.999850673636175857e-01 5.391563106513443289e-03 -1.482321999999999980e-02 1.509276173217484127e-02 -5.404417357133458992e-03 9.998714921510293285e-01 1.501437544999999929e+00
9.998993343258848476e-01 7.303091550351254206e-04 -1.416996341528127881e-02 -2.550364100000000050e-02 -6.638438948494963755e-04 9.999887594386752676e-01 4.694710596233934996e-03 -1.573716099999999951e-02 1.417323272706720941e-02 -4.684831356323514509e-03 9.998885797073727710e-01 1.565523744000000050e+00
9.999103191063447582e-01 1.373098230910377738e-03 -1.332172458414849527e-02 -2.639375100000000002e-02 -1.318151737366869865e-03 9.999905924893625064e-01 4.132482156145212901e-03 -1.657066899999999968e-02 1.332727356382063140e-02 -4.114551497047118020e-03 9.999027223911999274e-01 1.616240381999999975e+00
9.999274210658680717e-01 1.291631126098086299e-03 -1.197849279318575003e-02 -2.743008499999999988e-02 -1.229970778145759351e-03 9.999859640660321292e-01 5.153527220581450435e-03 -1.704778900000000069e-02 1.198498112001916693e-02 -5.138419986966912684e-03 9.999149748191544784e-01 1.666368842000000017e+00
9.999437905526522563e-01 1.799769314781008876e-03 -1.044875904627414268e-02 -2.896199600000000027e-02 -1.726787655888052881e-03 9.999740818949860444e-01 6.989545240659071450e-03 -1.811944899999999928e-02 1.046106780328832919e-02 -6.971109574043427883e-03 9.999209817239169684e-01 1.736445784999999908e+00
9.999602341311187859e-01 1.449262694291411245e-03 -8.799420099137828660e-03 -2.961861699999999986e-02 -1.379074713773052263e-03 9.999672301406873354e-01 7.977267558220469540e-03 -1.854409599999999950e-02 8.810692899653655569e-03 -7.964815277490131656e-03 9.999294642164633373e-01 1.785979508999999910e+00
9.999763958075272852e-01 1.860887553666793924e-03 -6.613994655284769798e-03 -2.999800099999999983e-02 -1.803204041178067775e-03 9.999603828218430746e-01 8.716721974392957137e-03 -1.912731900000000027e-02 6.629953466911103592e-03 -8.704589841319004470e-03 9.999401351244588954e-01 1.847563623999999960e+00
9.999940559190374501e-01 1.286896464897765513e-03 -3.198753519981100205e-03 -3.047393600000000008e-02 -1.260974870574592876e-03 9.999664600941364778e-01 8.092504505867414294e-03 -1.962520200000000131e-02 3.209060449529929464e-03 -8.088422855559582875e-03 9.999621389566411001e-01 1.894418836000000050e+00
9.999994672160297249e-01 8.743416978350506460e-04 5.487205592011061474e-04 -3.098100599999999843e-02 -8.779445669211847700e-04 9.999778316138532297e-01 6.600416213668070659e-03 -2.033302600000000057e-02 -5.429373758331864676e-04 -6.600894443305823853e-03 9.999780664652371254e-01 1.953985810000000045e+00
9.999916257656593643e-01 1.350927808535826429e-03 3.863080714868670409e-03 -3.095667100000000158e-02 -1.368475560431431804e-03 9.999887423565133604e-01 4.543394642691041090e-03 -2.054231600000000144e-02 -3.856899427515258442e-03 -4.548643126785872383e-03 9.999822169281368245e-01 1.999933124000000007e+00
9.999688833961606349e-01 1.306519022891626655e-03 7.779797393153342101e-03 -3.062435599999999841e-02 -1.349282286840314997e-03 9.999839975871321895e-01 5.493997357918454019e-03 -2.149757399999999846e-02 -7.772494885563591659e-03 -5.504323546196961126e-03 9.999546443442085542e-01 2.057602881999999855e+00
9.999076608213132156e-01 1.281587382392448049e-03 1.352876064652363403e-02 -3.073659499999999850e-02 -1.355105966638071565e-03 9.999843583982858108e-01 5.426476443124320613e-03 -2.180202700000000160e-02 -1.352159453129755592e-02 -5.444308271019721555e-03 9.998937573506403442e-01 2.101469278000000163e+00
9.998044027795813804e-01 2.919406182571104760e-03 1.956101352450254419e-02 -2.959307699999999888e-02 -3.001767261905037825e-03 9.999867482357761572e-01 4.182433041165565905e-03 -2.252686400000000061e-02 -1.954854408568476934e-02 -4.240332578895660877e-03 9.997999169852688217e-01 2.159282923000000132e+00
9.996301077405899127e-01 4.050103021471220845e-03 2.689320293405330145e-02 -2.842406899999999972e-02 -4.162483414662785687e-03 9.999828326190305372e-01 4.124099785736322354e-03 -2.305141700000000113e-02 -2.687603821918998007e-02 -4.234516824328701454e-03 9.996298051963562470e-01 2.203346729000000170e+00
9.993535771678130342e-01 5.614246176586093658e-03 3.550926698433553436e-02 -2.728322899999999912e-02 -5.801693371066109391e-03 9.999697639339443223e-01 5.177989177275045367e-03 -2.369730499999999837e-02 -3.547912281785248895e-02 -5.380655885720473340e-03 9.993559327818669624e-01 2.259750366000000010e+00
9.989312599316925168e-01 7.504157372205471320e-03 4.560729715094348491e-02 -2.522487899999999866e-02 -7.782410025922475126e-03 9.999521538532476495e-01 5.926558734989485246e-03 -2.422149900000000050e-02 -4.556064118808804408e-02 -6.275159470804952087e-03 9.989418653496039413e-01 2.302631616999999853e+00
9.982113487709715072e-01 1.010528865448798858e-02 5.892356341946274750e-02 -2.311079200000000153e-02 -1.046349995103186895e-02 9.999285862072145870e-01 5.773876896490620289e-03 -2.484356999999999885e-02 -5.886100877162001727e-02 -6.380096147437624640e-03 9.982457993998956614e-01 2.356978177999999868e+00
9.971901912273768431e-01 1.227768635543266020e-02 7.389845017092892820e-02 -2.024008299999999899e-02 -1.278759811463944622e-02 9.998975547209365544e-01 6.430971742292129409e-03 -2.554248099999999883e-02 -7.381192216956629359e-02 -7.357885623554693763e-03 9.972450359188480551e-01 2.399191379999999985e+00
9.958156935587612058e-01 1.478573546120286533e-02 9.018029989390489998e-02 -1.634299800000000094e-02 -1.552810339154016631e-02 9.998510324726510579e-01 7.535971631798490077e-03 -2.580041799999999858e-02 -9.005544107462322423e-02 -8.904767837791217541e-03 9.958969437861580065e-01 2.454190968999999889e+00
9.940203964315044161e-01 1.472918602910640307e-02 1.081965921694156285e-01 -1.285171499999999967e-02 -1.571621805161391161e-02 9.998422460079472440e-01 8.275481130280034486e-03 -2.617766300000000032e-02 -1.080576326240261509e-01 -9.926438268758473044e-03 9.940950728451416474e-01 2.493297576999999876e+00
9.917702469476699090e-01 1.427450500855274688e-02 1.272321334259492454e-01 -6.530761999999999852e-03 -1.531881041846095727e-02 9.998564977990778146e-01 7.233108344679564650e-03 -2.654581300000000144e-02 -1.271106262934810771e-01 -9.122626580290549986e-03 9.918465941704672773e-01 2.547711134000000044e+00
9.889877013271242134e-01 1.340223248076477351e-02 1.473896427440628543e-01 -9.881560000000000170e-04 -1.449310276587963651e-02 9.998749341054502526e-01 6.329780394233754277e-03 -2.716194699999999879e-02 -1.472863761381499881e-01 -8.396208200914728054e-03 9.890582526281950226e-01 2.586931229000000165e+00
9.856474987632564133e-01 1.101388472597589901e-02 1.684568268874236108e-01 7.383465999999999987e-03 -1.220127256781017300e-02 9.999074693530413116e-01 6.015120923364633554e-03 -2.731946700000000006e-02 -1.683749896197843932e-01 -7.984176553634749970e-03 9.856906795720946635e-01 2.638738871000000152e+00
9.816382108291896724e-01 5.909394381509494240e-03 1.906606988818390358e-01 1.421645300000000042e-02 -7.583232479527314204e-03 9.999388382953392496e-01 8.050730012170288080e-03 -2.766186699999999971e-02 -1.906014628097826569e-01 -9.348728609345838270e-03 9.816229844742633270e-01 2.676973103999999992e+00
9.768964494008035571e-01 1.389226133675801247e-04 2.137131438368046754e-01 2.543252699999999991e-02 -2.225600411262875639e-03 9.999521751056477115e-01 9.523350476251310828e-03 -2.823351899999999859e-02 -2.137016000195428034e-01 -9.778967327464830814e-03 9.768500386175432704e-01 2.727939129000000129e+00
9.713335487395813317e-01 -5.072383272692676352e-03 2.376665900392950226e-01 3.476345499999999866e-02 3.089130534210397967e-03 9.999572401573945113e-01 8.716371340731594516e-03 -2.831555499999999920e-02 -2.377006402294996601e-01 -7.732320786272750893e-03 9.713076839239686011e-01 2.765527248000000160e+00
9.648394451665771587e-01 -1.080104394828845446e-02 2.626179401721799311e-01 4.755407600000000068e-02 9.249387885697697015e-03 9.999317039989659150e-01 7.143959788819914843e-03 -2.911225699999999902e-02 -2.626771666407102246e-01 -4.463719004541900383e-03 9.648734535358804987e-01 2.812814951000000008e+00
9.571924912782854289e-01 -1.465111379274339036e-02 2.890810950323483564e-01 5.855596099999999665e-02 1.287571124056513701e-02 9.998847616944638306e-01 8.042349859021993147e-03 -2.951479300000000097e-02 -2.891656111997398249e-01 -3.975952192545941476e-03 9.572708295480666374e-01 2.849024056999999832e+00
9.485329410120877380e-01 -1.716161842117550421e-02 3.162131222263319108e-01 7.336473500000000036e-02 1.471381000389936598e-02 9.998404592912512046e-01 1.012717924345171022e-02 -2.983469899999999925e-02 -3.163364721465552476e-01 -4.953263310769763506e-03 9.486341241872157104e-01 2.894781590000000016e+00
9.387278755699803856e-01 -2.125937347794739501e-02 3.440029282828801493e-01 8.602309199999999545e-02 1.789482514498588750e-02 9.997559698291601515e-01 1.295283845285367247e-02 -3.015536799999999837e-02 -3.441943504197906289e-01 -6.003318272463218329e-03 9.388792304172128844e-01 2.929491996999999959e+00
9.277352105633261958e-01 -2.434002617969283772e-02 3.724445491701990352e-01 1.036127210000000048e-01 2.115551423016703153e-02 9.996963515779796472e-01 1.263522296335576819e-02 -3.030892099999999909e-02 -3.726389986282677147e-01 -3.842885276505149383e-03 9.279684310007929593e-01 2.973232268999999928e+00
9.159143259768998124e-01 -2.414471882054129714e-02 4.006469518458342649e-01 1.180773970000000006e-01 2.252535113716189891e-02 9.997079647670953362e-01 8.751784811081540771e-03 -3.059175100000000036e-02 -4.007412582033808568e-01 1.008828186024392747e-03 9.161907149929332528e-01 3.004526138000000124e+00
9.024387720158857373e-01 -2.467020710186913074e-02 4.301111991613459362e-01 1.330804819999999999e-01 2.550672201556950652e-02 9.996673456336331309e-01 3.821675787753212993e-03 -3.092922299999999874e-02 -4.300624023260816720e-01 7.521898387848851078e-03 9.027678279326099009e-01 3.037537813000000142e+00
8.884993088487618262e-01 -2.648840241493968448e-02 4.581128056633831935e-01 1.567608119999999994e-01 2.934900550701586772e-02 9.995688430134392899e-01 8.740437766495533917e-04 -3.089788900000000130e-02 -4.579384391498726448e-01 1.266856796479243381e-02 8.888936344325455430e-01 3.082312583999999855e+00
8.727282560426369296e-01 -2.733691888514314453e-02 4.874403388832778128e-01 1.738994120000000032e-01 2.887715103911436473e-02 9.995734761793526602e-01 4.356129771848621726e-03 -3.165108300000000346e-02 -4.873515171338259067e-01 1.027417074960864686e-02 8.731454289880730135e-01 3.113046408000000209e+00
8.549608391035735666e-01 -2.629153012279603768e-02 5.180257899401492505e-01 1.975958349999999975e-01 2.470885974107798339e-02 9.996451193450034411e-01 9.955281011079569406e-03 -3.197917699999999752e-02 -5.181036921790937999e-01 4.288451179147808115e-03 8.553070637711785995e-01 3.153130530999999959e+00
8.352874059093732262e-01 -2.629041990226320402e-02 5.491846350277405087e-01 2.169386150000000013e-01 2.268473360528554250e-02 9.996534955534688294e-01 1.335259109641941458e-02 -3.192190500000000042e-02 -5.493453853364449468e-01 1.304855966623496254e-03 8.355943662809480754e-01 3.182754039999999840e+00
8.140749467090924174e-01 -2.009586419462983109e-02 5.804120410388290408e-01 2.365313769999999871e-01 1.864019942768378735e-02 9.997903638509257895e-01 8.471795330966026133e-03 -3.218822899999999876e-02 -5.804606137421252088e-01 3.922319862606255154e-03 8.142788780884659960e-01 3.210691451999999835e+00
7.920971704101306132e-01 -1.352449414434726827e-02 6.102451644105048034e-01 2.661708589999999819e-01 1.617717226112589529e-02 9.998684663131954808e-01 1.161537830750270471e-03 -3.243356599999999701e-02 -6.101806058257656096e-01 8.951990317126217594e-03 7.922117710205167640e-01 3.250869751000000196e+00
7.697050655405059949e-01 -1.120014504088097211e-02 6.383013934125075783e-01 2.883393759999999806e-01 1.545686063024290756e-02 9.998799368952370203e-01 -1.094190949551399408e-03 -3.251954199999999851e-02 -6.382125018681025219e-01 1.070833999460526521e-02 7.697857714415206054e-01 3.277592659000000186e+00
7.462841429416851025e-01 -1.356491448585534637e-02 6.654892719561946723e-01 3.183192009999999961e-01 1.653074765110519942e-02 9.998616595568844412e-01 1.842859258991868827e-03 -3.270923700000000212e-02 -6.654222061036811908e-01 9.625738576566679819e-03 7.464051398409348170e-01 3.311357974999999954e+00
7.218565438113825339e-01 -1.402518454342645444e-02 6.919005884917344140e-01 3.418714999999999948e-01 1.655266319550151299e-02 9.998584996444322970e-01 2.998337859735529954e-03 -3.366619700000000187e-02 -6.918447365542517158e-01 9.288427601465466116e-03 7.219865550097663842e-01 3.335697173999999876e+00
6.964048895631603786e-01 -1.202367223065940391e-02 7.175483684732425482e-01 3.733861450000000026e-01 1.754148712146863520e-02 9.998460996648382837e-01 -2.705819240309166596e-04 -3.396220099999999742e-02 -7.174346841504736227e-01 1.277530003952675151e-02 6.965086257088353161e-01 3.366741180000000000e+00
6.704136690609543425e-01 -9.404307198372485743e-03 7.419279421496052240e-01 3.988118170000000129e-01 1.711381176550447539e-02 9.998496536373270294e-01 -2.790621467011877160e-03 -3.429838999999999805e-02 -7.417901521205874094e-01 1.456808592217613205e-02 6.704738183475025259e-01 3.389165162999999925e+00
6.432813547306571733e-01 -7.017411427789840318e-03 7.655977106762685835e-01 4.324047569999999729e-01 1.555769190224481208e-02 9.998713371097911473e-01 -3.907358308793839122e-03 -3.470664100000000335e-02 -7.654717871212270985e-01 1.442446405006434125e-02 6.433077630172849837e-01 3.417818068999999959e+00
6.151290707328900265e-01 -5.567084286524038791e-03 7.884067693214192873e-01 4.631175989999999909e-01 1.538515839821835533e-02 9.998694207537960343e-01 -4.943515199742130710e-03 -3.553906800000000005e-02 -7.882762987939905264e-01 1.517066293920893080e-02 6.151343981160801722e-01 3.442019939000000139e+00
5.861783106608475791e-01 8.270103253409776672e-04 8.101816488693859286e-01 4.904137849999999910e-01 1.395841062831950155e-02 9.998407445762818035e-01 -1.111972382199974581e-02 -3.623268000000000322e-02 -8.100618191740222018e-01 1.782698906344284615e-02 5.860734148358939244e-01 3.462190151000000160e+00
5.561699006306936033e-01 1.015317822937218326e-02 8.310065911918429471e-01 5.274716619999999523e-01 1.317279777547520139e-02 9.996920533275610588e-01 -2.103035692733934078e-02 -3.695524900000000251e-02 -8.309642104394212581e-01 2.264313329836347907e-02 5.558648841968898413e-01 3.487493752999999863e+00
5.253768875218728374e-01 1.847117555007807624e-02 8.506691141281832458e-01 5.565438270000000465e-01 1.177291285618826434e-02 9.995108309156844895e-01 -2.897408160957924000e-02 -3.818529100000000315e-02 -8.507881784443824813e-01 2.523716616492744508e-02 5.249024298507807273e-01 3.505627631999999938e+00
4.933722970711982847e-01 2.354606840780222587e-02 8.694994877199321293e-01 5.959357020000000116e-01 9.275903286731855546e-03 9.994342674324818709e-01 -3.232804819214125241e-02 -3.940397500000000081e-02 -8.697687819765115291e-01 2.401515655233810859e-02 4.928747692415003101e-01 3.528700828999999928e+00
4.607480097289721188e-01 2.270873427992776278e-02 8.872404324185155788e-01 6.270446779999999665e-01 7.729701790737620627e-03 9.995320285919423453e-01 -2.959688377351320579e-02 -4.078015299999999954e-02 -8.874973370331976641e-01 2.049480925210614077e-02 4.603568610900705682e-01 3.545325040999999899e+00
4.276309498186954272e-01 2.186212522582137857e-02 9.036890052655122130e-01 6.688081030000000426e-01 3.190417790273703327e-03 9.996647712155781740e-01 -2.569370399201467009e-02 -4.219006399999999934e-02 -9.039477816729701853e-01 1.387056852173947606e-02 4.274178463019528973e-01 3.565547227999999791e+00
3.933778935760504081e-01 2.271042326178456666e-02 9.190963331016722693e-01 7.014075520000000452e-01 -1.004705479912647650e-03 9.997048818352171073e-01 -2.427220224316785357e-02 -4.356741199999999981e-02 -9.193763230650265905e-01 8.624726668434385193e-03 3.932846179007343235e-01 3.579718827999999853e+00
3.575811014362964002e-01 2.598533917140868899e-02 9.335204968525070424e-01 7.439193729999999949e-01 -8.034115204611396929e-03 9.996614128256670062e-01 -2.474899392440851192e-02 -4.506128999999999690e-02 -9.338475297865727054e-01 1.349761289351087898e-03 3.576687982701002300e-01 3.597874641000000207e+00
3.217150605124702856e-01 2.796603431387269939e-02 9.464234362927688160e-01 7.780619859999999832e-01 -1.310433200110589815e-02 9.995994840042989882e-01 -2.508282402649516726e-02 -4.625747699999999824e-02 -9.467458456852408943e-01 -4.332724673300408086e-03 3.219526846830804701e-01 3.610020399000000157e+00
2.855336072386223667e-01 2.742025349048358984e-02 9.579763508750192003e-01 8.228628639999999717e-01 -1.552918927903031675e-02 9.995917514950551919e-01 -2.398279848941220829e-02 -4.762721799999999894e-02 -9.582428728759928571e-01 -8.028701113214079671e-03 2.858428528768883758e-01 3.624308824999999956e+00
2.493155659382589873e-01 2.705036367797723773e-02 9.680444341071203773e-01 8.580452800000000213e-01 -1.567466910635419153e-02 9.995915845674373523e-01 -2.389495365900677973e-02 -4.861562700000000153e-02 -9.682954370073690864e-01 -9.216392290313259877e-03 2.496377471134105797e-01 3.633599280999999959e+00
2.134071646115316967e-01 2.616220089407651772e-02 9.766129844195418075e-01 9.046633840000000149e-01 -1.571352169521169490e-02 9.996039832683489834e-01 -2.334441839036083613e-02 -5.065581899999999776e-02 -9.768369707010481351e-01 -1.036416318030971076e-02 2.137337521150348696e-01 3.644103765000000106e+00
1.778118398398096656e-01 2.494892008534247904e-02 9.837481898328238605e-01 9.410547019999999652e-01 -1.396582674117432740e-02 9.996418620676519318e-01 -2.282768681564011429e-02 -5.175435899999999978e-02 -9.839653984242625606e-01 -9.679823784173143680e-03 1.780965909704337324e-01 3.650874137999999824e+00
1.434255813890292219e-01 2.437389068557495667e-02 9.893609129413122316e-01 9.892479180000000039e-01 -5.195089767867460545e-03 9.997014407584725593e-01 -2.387551858573921243e-02 -5.300417899999999849e-02 -9.896474693776177167e-01 -1.715458621425197325e-03 1.435093849063378002e-01 3.657723904000000026e+00
1.097597304424609566e-01 2.783783769785978107e-02 9.935682444429803084e-01 1.025989293999999941e+00 -3.245041680436688489e-03 9.996124343457747363e-01 -2.764870351040837199e-02 -5.443725700000000278e-02 -9.939528516371842759e-01 -1.894561211898352499e-04 1.098075262843472011e-01 3.661628245999999809e+00
7.711839434175100927e-02 3.246533031475210690e-02 9.964932290696733030e-01 1.074962020000000074e+00 -2.229968773481480829e-03 9.994728242006248875e-01 -3.238982747246706151e-02 -5.627450299999999656e-02 -9.970194484027981030e-01 2.757027038718974643e-04 7.715013606339005126e-02 3.665708303000000168e+00
4.799420220578296675e-02 3.637808620319959996e-02 9.981849484934259831e-01 1.118130564999999965e+00 4.872675121597103837e-03 9.993161515920073734e-01 -3.665359742916791952e-02 -5.799773300000000270e-02 -9.988357290324521021e-01 6.622991131861467873e-03 4.778412285139799209e-02 3.667645215999999930e+00
2.277276845745201950e-02 3.486495232986818599e-02 9.991325418160589278e-01 1.156316399999999911e+00 6.995330693349954831e-03 9.993616947819163876e-01 -3.503239002846395694e-02 -5.923342000000000190e-02 -9.997161929094043886e-01 7.787047043119986814e-03 2.251434060936008397e-02 3.668322085999999871e+00
5.448956205005153286e-04 3.154478015186236439e-02 9.995021910600965231e-01 1.206293701999999968e+00 8.610781455376938925e-03 9.994651364075577415e-01 -3.154830500280085548e-02 -6.136404399999999953e-02 -9.999627780730093729e-01 8.623685464619140761e-03 2.729789677258231961e-04 3.668412684999999840e+00
-1.858671411793715728e-02 2.904286062053564044e-02 9.994053463461528564e-01 1.244553328000000070e+00 8.787169331295583904e-03 9.995441614320152990e-01 -2.888347282292343804e-02 -6.279659299999999778e-02 -9.997886375196712860e-01 8.245095156852864926e-03 -1.883344611092796494e-02 3.667994021999999799e+00
-3.520540347140191373e-02 3.196842725880132824e-02 9.988686596470099932e-01 1.294009208999999938e+00 1.053332830506035177e-02 9.994445968684225745e-01 -3.161560983650622131e-02 -6.523213499999999665e-02 -9.993245861887083414e-01 9.408371225408914199e-03 -3.552258421977882996e-02 3.666290045000000219e+00
-4.979912428106856442e-02 3.646946470335516582e-02 9.980931947293748552e-01 1.333538055000000000e+00 1.320827183294624556e-02 9.992697696243689753e-01 -3.585343874787323692e-02 -6.646238999999999619e-02 -9.986719124797823754e-01 1.139761637849032692e-02 -5.024445805124266862e-02 3.664090872000000054e+00
-6.153572345772076457e-02 4.160559459573619223e-02 9.972373484967710366e-01 1.382708073000000093e+00 1.738815266529174577e-02 9.990238784013538709e-01 -4.060717339098524059e-02 -6.866629400000000272e-02 -9.979534091757108483e-01 1.484132346700522097e-02 -6.219910153952623588e-02 3.660659313000000026e+00
-7.066965911893093033e-02 4.485453448078726563e-02 9.964907776876438250e-01 1.421025157000000094e+00 2.263799756566387683e-02 9.988032956684992358e-01 -4.335317321674964086e-02 -7.055440500000000059e-02 -9.972428592605867559e-01 1.949480182654771132e-02 -7.160050527414263399e-02 3.657912016000000044e+00
-7.635659458740411132e-02 5.027654844629578929e-02 9.958122007383428675e-01 1.471327065999999961e+00 2.716329248113084210e-02 9.984621207065141890e-01 -4.832751861864034715e-02 -7.319253700000000196e-02 -9.967105026057460071e-01 2.335941331835543477e-02 -7.760484395205546893e-02 3.653700590000000137e+00
-8.000384327895612713e-02 5.519503077661015722e-02 9.952652378326921623e-01 1.509645224000000008e+00 2.919678144715233403e-02 9.981671174705460947e-01 -5.300899502601531810e-02 -7.544075000000000086e-02 -9.963668666779940120e-01 2.481761830051290585e-02 -8.146872288287454467e-02 3.650835514000000170e+00
-8.265327688771698100e-02 5.930694493893561015e-02 9.948121039179874670e-01 1.561351538000000039e+00 3.018447067845442255e-02 9.979186781889405333e-01 -5.698429126960528890e-02 -7.833402600000000104e-02 -9.961211440129077443e-01 2.531793837672705050e-02 -8.427139756031309936e-02 3.646055222000000207e+00
-8.516021109468030481e-02 6.196678620197866583e-02 9.944384625778046605e-01 1.600187062999999910e+00 3.043459914541924924e-02 9.977602178980484737e-01 -5.956746389512013184e-02 -8.097408000000000383e-02 -9.959023414076138003e-01 2.519255818365931723e-02 -8.685540507645916897e-02 3.642745255999999987e+00
-8.774017811400990074e-02 6.577263933758628611e-02 9.939696278353226111e-01 1.651684402999999968e+00 3.237084115705569920e-02 9.974790890425148104e-01 -6.314741139349583365e-02 -8.431220100000000328e-02 -9.956172908237918007e-01 2.663506781449101121e-02 -8.964810859806793264e-02 3.638486862000000155e+00
-8.935054849621458517e-02 6.941999579468184634e-02 9.935780511199372445e-01 1.691048740999999911e+00 3.343841967098988566e-02 9.972148103517661788e-01 -6.666703911977689412e-02 -8.724305799999999833e-02 -9.954387733925844639e-01 2.726694333726206038e-02 -9.142298522641978398e-02 3.634592771999999972e+00
-9.159173180968697980e-02 7.097944836347282183e-02 9.932637477398035264e-01 1.729981422000000046e+00 3.650179017490687294e-02 9.970253806710192013e-01 -6.788232179173388225e-02 -8.982435599999999409e-02 -9.951274159514097439e-01 3.003844549617259996e-02 -9.391015820476511511e-02 3.630867481000000119e+00
-9.396558076922854885e-02 6.970995156735936005e-02 9.931319108170767462e-01 1.787055373000000058e+00 3.621254640209516096e-02 9.971248122298135286e-01 -6.656395660366931644e-02 -9.408537299999999992e-02 -9.949166402838872658e-01 2.970911456330330852e-02 -9.621978693640320657e-02 3.625582217999999912e+00
-9.590538276013134411e-02 6.931892344856914467e-02 9.929738387337121441e-01 1.827720760999999916e+00 3.564088983836641300e-02 9.971716536914151385e-01 -6.616963084268957795e-02 -9.694468200000000424e-02 -9.947521724174128721e-01 2.904444742562331885e-02 -9.810471723917291165e-02 3.621420860000000186e+00
-9.815993290958845152e-02 7.036220480278361500e-02 9.926801034101956356e-01 1.877925872999999912e+00 3.660599051296792306e-02 9.970775999104274367e-01 -6.705416627940427587e-02 -1.013557390000000002e-01 -9.944971739677040956e-01 2.975600598455092546e-02 -1.004487485143432668e-01 3.616377115000000142e+00
-1.009251928894318029e-01 7.231056386541694081e-02 9.922627110769083325e-01 1.916327477000000057e+00 3.559915292073302651e-02 9.969789822556671677e-01 -6.903339229518037912e-02 -1.044008579999999992e-01 -9.942569113421123594e-01 2.835650355596509159e-02 -1.031944909116920828e-01 3.612967967999999974e+00
-1.038747117687406074e-01 7.455174513726114949e-02 9.917923580830565466e-01 1.968719958999999964e+00 3.344011171214941736e-02 9.968847470659262244e-01 -7.143220559371869782e-02 -1.082585600000000037e-01 -9.940280696155616713e-01 2.574564748250055338e-02 -1.060441344538526343e-01 3.608024358999999848e+00
-1.058559175002110608e-01 7.767128815270417375e-02 9.913433793226682500e-01 2.007917642999999863e+00 3.152117229551504307e-02 9.967058248667779452e-01 -7.472559383338620020e-02 -1.118036879999999983e-01 -9.938817537450341799e-01 2.333815916766673187e-02 -1.079554996253534460e-01 3.603865622999999907e+00
-1.083111178036814531e-01 8.231937359904648033e-02 9.907028931472732225e-01 2.060523032999999948e+00 2.763932878365920470e-02 9.964297556260232058e-01 -7.977348937744051238e-02 -1.154257580000000033e-01 -9.937327453920925535e-01 1.874200718504917193e-02 -1.101996728768726008e-01 3.597959995000000077e+00
-1.107188363133732867e-01 8.506299022526001008e-02 9.902048409189634359e-01 2.100763558999999780e+00 2.482709991806590979e-02 9.962563152837571323e-01 -8.280681956753033202e-02 -1.185199249999999982e-01 -9.935416218735231286e-01 1.541563982351922685e-02 -1.124162072557186587e-01 3.593346357000000157e+00
-1.136415803215506670e-01 8.342469430480731196e-02 9.900130865812686309e-01 2.154036522000000176e+00 2.309640494362515811e-02 9.964209329477986543e-01 -8.131347036081100488e-02 -1.230815499999999979e-01 -9.932533147695512543e-01 1.362515187393710525e-02 -1.151616600076237340e-01 3.587448596999999850e+00
-1.165104150282723350e-01 7.922690483924935134e-02 9.900244546169213455e-01 2.194822073000000096e+00 2.047988342081586560e-02 9.967929840456881685e-01 -7.735839535798497146e-02 -1.264969710000000136e-01 -9.929782966233501318e-01 1.126252666523136492e-02 -1.177593220433330590e-01 3.582529306000000080e+00
-1.185617109101980565e-01 7.753458246134492526e-02 9.899148999932225745e-01 2.235375880999999954e+00 2.079772569931079979e-02 9.969218794846365084e-01 -7.559246530280691601e-02 -1.298767479999999863e-01 -9.927288528655662248e-01 1.162560653749915990e-02 -1.198093066537504470e-01 3.577341557000000005e+00
-1.208622222563914828e-01 7.812411973498781248e-02 9.895902915585216286e-01 2.295498610000000106e+00 2.011122017065161000e-02 9.968863590251150208e-01 -7.624385885366144477e-02 -1.347315910000000116e-01 -9.924655470365176813e-01 1.068686601781657086e-02 -1.220570720614869709e-01 3.571045160000000163e+00
-1.226080188174071967e-01 8.127422469685030570e-02 9.891217185572237502e-01 2.337163925000000031e+00 1.964708790285582887e-02 9.966446604236219864e-01 -7.945698701826460486e-02 -1.379726980000000047e-01 -9.922606843257507636e-01 9.691297591607722639e-03 -1.237934291163432787e-01 3.566122532000000067e+00
-1.230620945720149184e-01 8.391540875673880739e-02 9.888447426430184706e-01 2.389877319000000000e+00 2.116477409141079985e-02 9.964138435098650604e-01 -8.192377432441506901e-02 -1.426439579999999874e-01 -9.921732576607815712e-01 1.084696432591114590e-02 -1.243968253120006917e-01 3.559716462999999997e+00
-1.232316149577031700e-01 8.478469677427588613e-02 9.887494749772619551e-01 2.431928872999999935e+00 1.960990160167147556e-02 9.963571721188125840e-01 -8.299299564767914639e-02 -1.460056899999999935e-01 -9.921841667926826203e-01 9.161919029167332751e-03 -1.244453229559625562e-01 3.554521561000000052e+00
-1.229565167005727128e-01 8.290195921057375017e-02 9.889433553848826497e-01 2.486087561000000168e+00 1.761036175569469231e-02 9.965301338605896397e-01 -8.134843247800720156e-02 -1.512211559999999955e-01 -9.922557987533736634e-01 7.413330347670818443e-03 -1.239898075386075549e-01 3.547613144000000052e+00
-1.238258154788442478e-01 8.195246137378703333e-02 9.889140313979659647e-01 2.528400659999999966e+00 1.375751617704532026e-02 9.966297690874347248e-01 -8.086924086056884731e-02 -1.551768629999999982e-01 -9.922085960974323937e-01 3.591301087949604065e-03 -1.245359562008424570e-01 3.543662547999999912e+00
-1.228507738272894140e-01 8.348416269995403982e-02 9.889075194113571277e-01 2.583031892999999801e+00 9.839162948168507505e-03 9.965090003527447005e-01 -8.290357705462933491e-02 -1.595826599999999873e-01 -9.923763793251608734e-01 -4.547463700540765874e-04 -1.232433160995896060e-01 3.536060809999999943e+00
-1.238169063401614728e-01 8.383751782468747138e-02 9.887571209904619796e-01 2.624884366999999941e+00 5.511819690947813988e-03 9.964672617756440420e-01 -8.380105042924330949e-02 -1.633003799999999950e-01 -9.922897729736239736e-01 -4.926135843164661243e-03 -1.238415909038983465e-01 3.531857013999999850e+00
-1.231026873753974932e-01 8.315304785262028764e-02 9.889040898862613282e-01 2.680361031999999977e+00 2.308427038092898675e-03 9.965047019470315570e-01 -8.350479125216389575e-02 -1.680335400000000090e-01 -9.923912532492236149e-01 -7.996851272688870749e-03 -1.228643595358619445e-01 3.524254083999999843e+00
-1.235581894517190360e-01 7.867083403210628489e-02 9.892139675985706093e-01 2.729093075000000201e+00 2.233292930414194910e-03 9.968720414763789783e-01 -7.900091977568107771e-02 -1.716813739999999977e-01 -9.923348155849919250e-01 -7.552006051998801095e-03 -1.233473995773339826e-01 3.518473624999999938e+00
-1.240104974701546486e-01 6.992045963290892396e-02 9.898143895912642209e-01 2.772234917000000021e+00 5.794593688308619095e-03 9.975483164465142050e-01 -6.974079895378740290e-02 -1.750407370000000018e-01 -9.922639866493149219e-01 -2.913018957702642742e-03 -1.241116236271199158e-01 3.513147354000000000e+00
-1.239454711656122476e-01 6.441320285154827907e-02 9.901961722183842962e-01 2.827832460000000214e+00 1.128478273455852526e-02 9.979178462550073458e-01 -6.350295902083077926e-02 -1.796652079999999929e-01 -9.922248605312047331e-01 3.303244491828533080e-03 -1.244142866380666401e-01 3.506254911000000085e+00
-1.226913514014849466e-01 6.712218953525261878e-02 9.901724314296328489e-01 2.870670318999999804e+00 1.928493910909588951e-02 9.976831187576781224e-01 -6.524174790355730114e-02 -1.824706789999999967e-01 -9.922574884649829619e-01 1.109081682954345810e-02 -1.237015374488842356e-01 3.500303029999999982e+00
-1.213329781849695893e-01 7.284654113952662713e-02 9.899351947722501155e-01 2.927560091000000142e+00 2.516407744329831470e-02 9.972086196664925462e-01 -7.029749689196911067e-02 -1.863807140000000029e-01 -9.922928386374625376e-01 1.638140124824424490e-02 -1.228274076985695906e-01 3.492625236999999938e+00
-1.207287108952502103e-01 7.882200463844642180e-02 9.895512467529653522e-01 2.970081806000000046e+00 2.828281945031386677e-02 9.967110607112997789e-01 -7.594171172482759580e-02 -1.895051899999999900e-01 -9.922825507331630712e-01 1.881895428902996548e-02 -1.225609500206136238e-01 3.487225056000000212e+00
-1.202306244216373304e-01 8.298066384144463237e-02 9.892718566600464669e-01 3.025027274999999793e+00 2.951988306363447293e-02 9.963586644308154439e-01 -7.998742599653443919e-02 -1.939992309999999942e-01 -9.923069955689578503e-01 1.958625135330626862e-02 -1.222424038655677281e-01 3.480811596000000119e+00
-1.205685858710252023e-01 7.928827756335865562e-02 9.895335189583505109e-01 3.068086146999999819e+00 2.677665181509012587e-02 9.967022789703300356e-01 -7.660011757774093377e-02 -1.978898639999999987e-01 -9.923438048472081885e-01 1.726082664260613145e-02 -1.222940589112130327e-01 3.475939512000000065e+00
-1.192786682471192600e-01 7.542188117496474720e-02 9.899919894328554903e-01 3.125443697000000132e+00 2.587111408741539498e-02 9.970080829531144939e-01 -7.283932991201617912e-02 -2.022716549999999947e-01 -9.925236948088793643e-01 1.692401743632690123e-02 -1.208730444588258512e-01 3.468122720999999853e+00
-1.190980693804260249e-01 7.355011795236837679e-02 9.901545485524211321e-01 3.169994353999999959e+00 2.404966798289585178e-02 9.971736049553169279e-01 -7.117875420608399395e-02 -2.057790760000000052e-01 -9.925911864104822735e-01 1.533563593759140059e-02 -1.205303071041551322e-01 3.462780713999999982e+00
-1.197106781070700621e-01 7.389718767824762780e-02 9.900548263608390798e-01 3.224673985999999992e+00 2.179657393434925386e-02 9.971813208075882562e-01 -7.179361250945856532e-02 -2.101070280000000012e-01 -9.925695254801396583e-01 1.298534118456982217e-02 -1.209839576243495474e-01 3.457581997000000129e+00
