8.958154348492730623e-01 -1.556127333305709626e-02 4.441537497962407266e-01 2.965317999999999898e+00 2.769002122780618580e-02 9.993994363146074811e-01 -2.083337270938948396e-02 -1.145840000000000053e-01 -4.435628133762019032e-01 3.096148359330634300e-02 8.957083326192125661e-01 1.666468199999999911e+01
8.739768343401499440e-01 -1.376833959484321558e-02 4.857725042255593428e-01 3.504191000000000056e+00 2.473937803591758078e-02 9.995630058501980830e-01 -1.617901449757307500e-02 -5.121679999999999566e-01 -4.853374663171657333e-01 2.615779349482278901e-02 8.739355317346446661e-01 1.655936799999999920e+01
8.490421267376445646e-01 -1.462214912438018419e-02 5.281227696093039325e-01 3.680055999999999994e+00 2.571332585886873176e-02 9.995759835921683711e-01 -1.366301207731750178e-02 -5.817379999999999773e-01 -5.276990542895573233e-01 2.518026570022006277e-02 8.490581030301596055e-01 1.647298599999999880e+01
8.219992115357309670e-01 -1.508034721398046271e-02 5.692889243280098155e-01 4.092501999999999640e+00 2.706258978357238207e-02 9.995543562544316751e-01 -1.259782231160299151e-02 -6.357509999999999550e-01 -5.688452447448627547e-01 2.576183263462500719e-02 8.220410059786937840e-01 1.698400000000000176e+01
7.938913403516505429e-01 -1.614428012248171965e-02 6.078452944080315890e-01 4.617100999999999900e+00 2.995621393683935499e-02 9.994720548242697067e-01 -1.257922382034605893e-02 -6.597990000000000244e-01 -6.073213029041794053e-01 2.819528053910603724e-02 7.939558307576630725e-01 1.769623899999999850e+01
7.641892110005538141e-01 -1.534428076206615851e-02 6.448095864968556024e-01 5.294723000000000290e+00 3.099611949797169072e-02 9.994355897609918937e-01 -1.295154412283348357e-02 -6.916290000000000493e-01 -6.442469172347030648e-01 2.988402528096122807e-02 7.642335079454370961e-01 1.861748599999999954e+01
7.330844801228487695e-01 -1.827361999962814204e-02 6.798920648272943623e-01 5.965972999999999971e+00 3.561263105916588623e-02 9.992990336534371965e-01 -1.154044402743546749e-02 -7.125409999999999799e-01 -6.792045976817708830e-01 3.267286567498828981e-02 7.332213842602572917e-01 1.926075900000000019e+01
7.011263258306129620e-01 -1.766209132133640669e-02 7.128182978553664340e-01 6.780231999999999815e+00 3.617489241009922557e-02 9.992868832469226081e-01 -1.082137374685484231e-02 -7.366559999999999775e-01 -7.121188470939262549e-01 3.337327524844013737e-02 7.012652651549261540e-01 1.997363700000000009e+01
6.668117145595362505e-01 -1.546601786754200902e-02 7.450657283874306813e-01 7.576609000000000371e+00 3.639682220266634433e-02 9.992673767672594076e-01 -1.183135927218550813e-02 -7.565319999999999823e-01 -7.443368919109942805e-01 3.500731380727328812e-02 6.668861067080944505e-01 2.060832100000000011e+01
6.299582091364128722e-01 -1.693696588331486744e-02 7.764443276425625484e-01 8.478521000000000640e+00 4.270574317326930602e-02 9.990049638781496322e-01 -1.285696880433836835e-02 -7.281779999999999919e-01 -7.754539794479504700e-01 4.125798508754876387e-02 6.300546836782132676e-01 2.150262299999999982e+01
5.942870084291709265e-01 -1.563116670447387002e-02 8.041011243865807678e-01 9.228839999999999932e+00 4.286928162867113812e-02 9.990054219112209921e-01 -1.226342874668365050e-02 -7.780240000000000489e-01 -8.031096913279953675e-01 4.175923394221037199e-02 5.943660404797801444e-01 2.181439800000000062e+01
5.562271787187530458e-01 -1.451016047383167640e-02 8.309035930224395461e-01 1.008189699999999966e+01 4.597040473537157557e-02 9.988538514203891827e-01 -1.333061855733379611e-02 -8.083160000000000345e-01 -8.297578246350210129e-01 4.561182681803764571e-02 5.562566976776808225e-01 2.237190100000000115e+01
5.176353043654784436e-01 -1.291474427505437048e-02 8.555038872236456760e-01 1.105613199999999985e+01 5.113699762364114221e-02 9.985655975533537232e-01 -1.586678470747062211e-02 -8.307440000000000380e-01 -8.540718348877324173e-01 5.196110817932440840e-02 5.175532282657295813e-01 2.296005099999999999e+01
4.788843391831691942e-01 -1.230647701173161537e-02 8.777917408523840948e-01 1.199835400000000085e+01 5.267159727527544189e-02 9.985031494435629984e-01 -1.473646469669711093e-02 -8.922350000000000003e-01 -8.762964638326291578e-01 5.329175522391361997e-02 4.788157226946332390e-01 2.346189899999999895e+01
4.407613539267172809e-01 -1.402817400751705731e-02 8.975147013941898733e-01 1.297974199999999989e+01 5.754469022922684140e-02 9.982626977882778085e-01 -1.265680966483801601e-02 -9.338659999999999739e-01 -8.957778951900462472e-01 5.722583803217245330e-02 4.408028651794430042e-01 2.389845700000000051e+01
4.039368368237503115e-01 -1.465500403001568017e-02 9.146694827716201903e-01 1.399162199999999956e+01 6.149603218996549381e-02 9.980448561978481070e-01 -1.116705162105057283e-02 -9.654730000000000256e-01 -9.127175192148520022e-01 6.075932746415735330e-02 4.040483068203474248e-01 2.432408900000000074e+01
3.694923699100732817e-01 -1.220910785453521372e-02 9.291535536517275817e-01 1.510026599999999952e+01 6.304144224404911734e-02 9.979392865908327526e-01 -1.195645592849060510e-02 -9.887179999999999858e-01 -9.270928568045532225e-01 6.299299932513172107e-02 3.695006317964776299e-01 2.471143500000000159e+01
3.368612664687744562e-01 -1.286163685707639517e-02 9.414664441446706222e-01 1.623670999999999864e+01 6.328297925754017283e-02 9.979549545804274890e-01 -9.009615123122878544e-03 -1.004653999999999936e+00 -9.394252241074555476e-01 6.261379181724868737e-02 3.369862925771954787e-01 2.507711600000000018e+01
3.030889292852845252e-01 -1.444093415013351228e-02 9.528528534698161856e-01 1.722953499999999849e+01 6.528035561246872676e-02 9.978510132811996280e-01 -5.641849412458353058e-03 -1.031673999999999980e+00 -9.507237117668883020e-01 6.391255521847599708e-02 3.033803045183319780e-01 2.539038299999999992e+01
2.700866763499856216e-01 -1.407904470378422770e-02 9.627330719147686455e-01 1.833091800000000049e+01 6.580481116355413329e-02 9.978250144947853340e-01 -3.868756416530675507e-03 -1.040578999999999921e+00 -9.605846730434268732e-01 6.439736756040817522e-02 2.704257106218685980e-01 2.570584600000000108e+01
2.377739266338898816e-01 -1.089165259600241575e-02 9.712594564362448946e-01 1.947075399999999945e+01 6.326344603869669958e-02 9.979876149547838304e-01 -4.296136889232440165e-03 -1.048872000000000027e+00 -9.692581164005853456e-01 6.246672954933775446e-02 2.379844774160689846e-01 2.599321399999999826e+01
2.070702129476753584e-01 -9.327301990381051122e-03 9.782816201623051322e-01 2.064216000000000051e+01 6.342249700500794674e-02 9.979791098810409933e-01 -3.909362440964236907e-03 -1.062739000000000100e+00 -9.762681566984833248e-01 6.285457563793822588e-02 2.072433075829483995e-01 2.624835200000000057e+01
1.760969896220742625e-01 -9.319069080100252089e-03 9.843287079007312368e-01 2.172064100000000053e+01 6.546978684014451155e-02 9.978519803025979185e-01 -2.265483897497456989e-03 -1.084082999999999908e+00 -9.821932382465015099e-01 6.484273558128234027e-02 1.763288472859355638e-01 2.645257700000000156e+01
1.455869825447935750e-01 -9.226031306010289146e-03 9.893024364974757345e-01 2.286107000000000156e+01 6.682139122657565489e-02 9.977648131140881560e-01 -5.285697244894332902e-04 -1.076124000000000080e+00 -9.870862840643904734e-01 6.618351802185530597e-02 1.458780646780175605e-01 2.659927199999999914e+01
1.150817527681437108e-01 -9.845836079142075009e-03 9.933072282490017502e-01 2.404093900000000161e+01 6.592451688334567683e-02 9.978220698814445067e-01 2.252760796696333390e-03 -1.083822000000000063e+00 -9.911660548331492349e-01 6.522404747799945279e-02 1.154801947395238670e-01 2.676092099999999974e+01
8.585045016415879249e-02 -1.017522771833629172e-02 9.962560739827343026e-01 2.520217999999999847e+01 6.696058570292635903e-02 9.977458300630779320e-01 4.420243665321576393e-03 -1.082696000000000103e+00 -9.940553204771515050e-01 6.633041031547869115e-02 8.633826786800802289e-02 2.685895599999999916e+01
5.881715210384943354e-02 -9.893011690367561894e-03 9.982197508254820884e-01 2.636663899999999927e+01 6.940966799146647270e-02 9.975713983440718247e-01 5.796826301300142537e-03 -1.092351000000000072e+00 -9.958528207560130019e-01 6.894514867303791483e-02 5.936097932771711161e-02 2.689217599999999919e+01
3.409521026689091988e-02 -9.478737509146198392e-03 9.993736389219445293e-01 2.754222199999999887e+01 7.363909400567349162e-02 9.972607640880308821e-01 6.946383561270259854e-03 -1.107448999999999906e+00 -9.967019617071495308e-01 7.335613093524909201e-02 3.469982108499281015e-02 2.690434000000000125e+01
1.227257112437766216e-02 -8.985744286747719689e-03 9.998843135071229238e-01 2.880009899999999945e+01 7.816367777946237050e-02 9.969084439143470755e-01 7.999620507463361951e-03 -1.106551999999999980e+00 -9.968649976170222970e-01 7.805645938606380063e-02 1.293698860346947921e-02 2.687329799999999835e+01
-7.586666813505497931e-03 -8.792776535934479498e-03 9.999325625098174353e-01 2.998659899999999823e+01 8.413853595315907985e-02 9.964097267262624902e-01 9.400173027864618114e-03 -1.095827000000000107e+00 -9.964251849759317992e-01 8.420417784221848057e-02 -6.819617261711430345e-03 2.684378299999999840e+01
-2.477178706879679809e-02 -9.137014287440792248e-03 9.996513759983174374e-01 3.126902899999999974e+01 8.847719838313720941e-02 9.960141462881837437e-01 1.129627195545224866e-02 -1.081531000000000020e+00 -9.957701260490241513e-01 8.872618195173090361e-02 -2.386463292362084321e-02 2.677707799999999949e+01
-4.030320902436144992e-02 -8.816253713979350926e-03 9.991486000654702382e-01 3.249316999999999922e+01 9.158195638504043612e-02 9.957193330484193083e-01 1.248018662919442995e-02 -1.065220000000000056e+00 -9.949816061651727273e-01 9.200697508374960920e-02 -3.932327464633511571e-02 2.672096200000000010e+01
-5.469463050784942326e-02 -9.825722822564851577e-03 9.984547824336482691e-01 3.376510799999999790e+01 9.404490646816440758e-02 9.954557324240521643e-01 1.494792130994209572e-02 -1.077514000000000083e+00 -9.940644108713498905e-01 9.471715765957158806e-02 -5.352202428802388390e-02 2.665281999999999840e+01
-6.768899436689251869e-02 -1.094322309467074539e-02 9.976464533640657661e-01 3.499928500000000042e+01 9.444444543162799910e-02 9.953793480576318409e-01 1.732628602661953621e-02 -1.068936000000000108e+00 -9.932262817549236678e-01 9.539496490205473522e-02 -6.634270044718337811e-02 2.654472600000000071e+01
-7.993242109131225293e-02 -1.028756390634962686e-02 9.967471966789542837e-01 3.629660799999999909e+01 9.400129938987228373e-02 9.954127215080642577e-01 1.781206256794508336e-02 -1.039196999999999926e+00 -9.923580824337032702e-01 9.511929293672008456e-02 -7.859870444047856175e-02 2.643901100000000071e+01
-9.124655716355864477e-02 -7.396603045330053805e-03 9.958008616531655033e-01 3.761434500000000014e+01 9.422969881206302856e-02 9.954214491305851675e-01 1.602817745577036351e-02 -1.029887999999999915e+00 -9.913600908184598826e-01 9.529653128081624902e-02 -9.013180048273250478e-02 2.632909499999999881e+01
-1.015020217099934230e-01 -4.096694230501816969e-03 9.948268978496541681e-01 3.886914900000000017e+01 9.447423919478512011e-02 9.954325065383237137e-01 1.373837892171587971e-02 -1.019393999999999911e+00 -9.903393144358911826e-01 9.537998754042638361e-02 -1.006513798188457542e-01 2.620065900000000170e+01
-1.109996853215860224e-01 -1.738677459240847711e-03 9.938189205580671981e-01 4.021202100000000002e+01 9.580039380307936447e-02 9.953228117620029902e-01 1.244125931549138614e-02 -1.015889000000000042e+00 -9.891922737292704326e-01 9.658921982743787216e-02 -1.103139529136867303e-01 2.605292999999999992e+01
-1.183147646443512280e-01 -6.887111712280194475e-04 9.929759020963573324e-01 4.152267499999999956e+01 9.538546254879015640e-02 9.953674062366326680e-01 1.205570968925936265e-02 -9.988979999999999526e-01 -9.883841510270716668e-01 9.614183417576854795e-02 -1.177009673699154213e-01 2.588469999999999871e+01
-1.235271323894857887e-01 -7.790702403175780999e-05 9.923411920776674666e-01 4.285303600000000301e+01 9.517656668685328669e-02 9.953889677325300500e-01 1.192577335317094450e-02 -9.898430000000000284e-01 -9.877664039221689674e-01 9.592078422773575586e-02 -1.229501298730617531e-01 2.568810900000000075e+01
-1.282661984806600097e-01 1.289907277813133468e-03 9.917389366494262504e-01 4.425288299999999708e+01 9.684102527257068549e-02 9.952365010285381119e-01 1.123044276197182612e-02 -9.877749999999999586e-01 -9.870003030148863932e-01 9.748150162819223252e-02 -1.277801185194140654e-01 2.548267799999999994e+01
-1.331507991506975241e-01 2.926931049597486512e-03 9.910914679080643497e-01 4.569100499999999698e+01 9.603540705781639375e-02 9.953280592089621681e-01 9.962687516943076471e-03 -9.853720000000000256e-01 -9.864319871520642602e-01 9.650641235664936257e-02 -1.328098155155643667e-01 2.531412900000000121e+01
-1.369065774223743315e-01 4.081195652272863461e-03 9.905755563815108466e-01 4.712390200000000107e+01 9.686219439041277024e-02 9.952544756379637647e-01 9.286765878150068931e-03 -9.770240000000000036e-01 -9.858368548377391960e-01 9.722074143231758392e-02 -1.366521974905092751e-01 2.510929499999999948e+01
-1.394781747693292218e-01 2.768562962104682834e-03 9.902212751815330227e-01 4.857067399999999679e+01 9.734960778466092424e-02 9.951902299636404825e-01 1.092977808965445163e-02 -9.759679999999999467e-01 -9.854282787839961921e-01 9.792211825752783483e-02 -1.390768353420855918e-01 2.488997600000000077e+01
-1.416354669010138623e-01 1.144002983884284674e-03 9.899182217602142675e-01 5.003015800000000013e+01 9.788329217974751917e-02 9.951148736884026791e-01 1.285493197837320190e-02 -9.504799999999999915e-01 -9.850676401282230099e-01 9.871716882734880849e-02 -1.410555385333264189e-01 2.467639799999999894e+01
-1.439558110052780171e-01 1.940056220867680814e-04 9.895840979116584668e-01 5.149617200000000139e+01 9.785280672847537775e-02 9.951018621968776845e-01 1.403966052531038788e-02 -9.372120000000000450e-01 -9.847342548592344924e-01 9.885467219168203590e-02 -1.432696796000562101e-01 2.447609999999999886e+01
-1.458059012299339208e-01 1.208954255159148949e-03 9.893124772265512457e-01 5.298408299999999826e+01 1.004630505888926550e-01 9.948479633789608645e-01 1.359063012179068802e-02 -9.153820000000000290e-01 -9.841990726641131060e-01 1.013709435210241039e-01 -1.451761591197293644e-01 2.423804000000000158e+01
-1.466051638486674802e-01 1.217628507552727390e-03 9.891943405184456806e-01 5.447289099999999706e+01 9.971736514316012490e-02 9.949234812859554244e-01 1.355409439028529978e-02 -8.883339999999999570e-01 -9.841561730852531609e-01 1.006269534799334175e-01 -1.459823386973104764e-01 2.400449199999999905e+01
-1.469534861452488628e-01 2.761179482790331041e-03 9.891395497085443411e-01 5.599015500000000145e+01 1.017817984868727987e-01 9.947301521569833493e-01 1.234462986575384641e-02 -8.756479999999999819e-01 -9.838928490473622945e-01 1.024904887177764401e-01 -1.464601014469659734e-01 2.376715799999999845e+01
-1.468901503156363197e-01 3.100042954259328576e-03 9.891479532779365869e-01 5.751075800000000271e+01 1.013212204101638370e-01 9.947822460600502792e-01 1.192867211036583580e-02 -8.534410000000000052e-01 -9.839498432515980664e-01 1.019738822316938465e-01 -1.464378137905365529e-01 2.354570100000000110e+01
-1.456959141575746020e-01 4.219014129671412594e-03 9.893204235825534543e-01 5.906636400000000009e+01 1.018337229687136247e-01 9.947432973489728214e-01 1.075477780450047327e-02 -8.631050000000000111e-01 -9.840744857296730430e-01 1.023131091261844094e-01 -1.453596719754607358e-01 2.329945400000000078e+01
-1.443795241936511875e-01 3.973296093949821306e-03 9.895144091481258286e-01 6.063526399999999938e+01 1.033345044300020416e-01 9.945849028508778611e-01 1.108382674511391996e-02 -8.597639999999999727e-01 -9.841120531666200932e-01 1.038512587273722754e-01 -1.440082736266204977e-01 2.307098999999999833e+01
-1.427677187339612408e-01 3.032156147497286347e-03 9.897515771730791556e-01 6.222516000000000247e+01 1.026743663437931359e-01 9.946454650635199179e-01 1.176321913741163599e-02 -8.455890000000000351e-01 -9.844162498574478004e-01 1.033015239852317080e-01 -1.423145887072984062e-01 2.284097999999999828e+01
-1.411559827454941241e-01 4.119132463407129685e-03 9.899787984007044628e-01 6.386675600000000230e+01 1.046396457448678374e-01 9.944517519059756783e-01 1.078228498623732406e-02 -8.260929999999999662e-01 -9.844417367592366297e-01 1.051130147930539604e-01 -1.408038388950133557e-01 2.258876000000000062e+01
-1.401105886367134401e-01 4.878325092784845107e-03 9.901238432116269417e-01 6.550902800000000070e+01 1.044606299601889832e-01 9.944799234123323783e-01 9.882242565427738767e-03 -8.122270000000000323e-01 -9.846100749739431501e-01 1.048135672233828086e-01 -1.398467603690385364e-01 2.236283099999999990e+01
-1.388107889518023497e-01 5.666645872110964710e-03 9.903027082640630807e-01 6.715364700000000653e+01 1.059833575052598620e-01 9.943256568486169567e-01 9.166027737177923074e-03 -8.008819999999999828e-01 -9.846314502403882285e-01 1.062279495101290383e-01 -1.386236990574952754e-01 2.213336699999999979e+01
-1.369946793148957842e-01 5.642546759413828716e-03 9.905557124692567772e-01 6.885303399999999385e+01 1.066874653870468481e-01 9.942510406058966410e-01 9.091368619695255893e-03 -7.988539999999999530e-01 -9.848097494281302655e-01 1.069253474165940132e-01 -1.368090914783960388e-01 2.186355400000000060e+01
-1.358098784940199866e-01 4.242369851647859180e-03 9.907258345281408918e-01 7.054444800000000271e+01 1.084322063389655810e-01 9.940472519912705307e-01 1.060742367718457702e-02 -7.798869999999999969e-01 -9.847832926750450522e-01 1.088671810356322822e-01 -1.354614460333690706e-01 2.161307299999999998e+01
-1.348899366140939304e-01 2.259448931686877660e-03 9.908580119728407354e-01 7.225710100000000580e+01 1.098867109709944917e-01 9.938630674110618957e-01 1.269306851206902093e-02 -7.725490000000000412e-01 -9.847485038080647790e-01 1.105942951819851305e-01 -1.343104095778770990e-01 2.136918899999999866e+01
-1.339473550165823923e-01 3.210687265244469013e-03 9.909832478762422570e-01 7.398310899999999890e+01 1.121687591432420500e-01 9.936174080013034926e-01 1.194219364423839552e-02 -7.796899999999999942e-01 -9.846198634784525394e-01 1.127569864977595593e-01 -1.334525625067465304e-01 2.113420100000000090e+01
-1.334837747830713572e-01 5.237725709685323028e-03 9.910371577791886599e-01 7.571616600000000119e+01 1.134310789494919203e-01 9.934952647260321124e-01 1.002742715284019037e-02 -7.547009999999999552e-01 -9.845382025081691468e-01 1.137529129136545941e-01 -1.332096190432285887e-01 2.090664500000000103e+01
-1.325026154238554132e-01 4.287576510876543734e-03 9.911733822059094479e-01 7.748332700000000273e+01 1.134970189809583196e-01 9.934788173440672887e-01 1.087502510660722649e-02 -7.754170000000000229e-01 -9.846631320346439509e-01 1.139361934430702938e-01 -1.321251688189248874e-01 2.064316300000000126e+01
-1.325221286911237584e-01 4.310194501691511082e-03 9.911706753281851467e-01 7.925392100000000539e+01 1.141525419604813157e-01 9.934029679894316178e-01 1.094259355677826284e-02 -7.573290000000000299e-01 -9.845847259485257519e-01 1.145947878969452993e-01 -1.321398956247519241e-01 2.041059200000000118e+01
-1.323789374391601548e-01 3.304175286177095383e-03 9.911936739851385791e-01 8.103543600000000424e+01 1.141530707494598784e-01 9.933914892175588207e-01 1.193421922831684051e-02 -7.391999999999999682e-01 -9.846039271508861823e-01 1.147276408534531611e-01 -1.318812915589369084e-01 2.017593499999999906e+01
-1.321385652824242085e-01 3.689158574973691596e-03 9.912243891642859017e-01 8.283737499999999443e+01 1.162257318155910379e-01 9.931527563548272486e-01 1.179753401094800480e-02 -7.291670000000000096e-01 -9.843937112908803799e-01 1.167646892421585897e-01 -1.316625554861720060e-01 1.993047200000000174e+01
-1.321333386306108859e-01 3.359564800187633815e-03 9.912262577972204003e-01 8.462821399999999983e+01 1.171934886173560120e-01 9.930334653950378954e-01 1.225654238420671033e-02 -7.224460000000000326e-01 -9.842796691225628170e-01 1.177847610256757827e-01 -1.316065462737415759e-01 1.969605400000000017e+01
-1.322020869613284022e-01 3.918401262961515585e-03 9.912150394009423549e-01 8.641850399999999865e+01 1.181422226734617636e-01 9.929261912019756720e-01 1.183190799963672324e-02 -7.354720000000000146e-01 -9.841570115712449107e-01 1.186685508324767241e-01 -1.317298433099969301e-01 1.946665499999999938e+01
-1.333153093768283393e-01 4.168489354890045351e-03 9.910649080571153346e-01 8.821154500000000098e+01 1.186185450750362191e-01 9.928700159999822583e-01 1.178015672546592341e-02 -7.526909999999999989e-01 -9.839495256617799557e-01 1.191291527070225953e-01 -1.328592334964520116e-01 1.927066900000000160e+01
-1.338874025721259187e-01 4.919581501257139222e-03 9.909843395081182615e-01 9.003263900000000319e+01 1.181434071559979287e-01 9.929352537315445648e-01 1.103255376806525079e-02 -7.373629999999999907e-01 -9.839290110460515715e-01 1.185553862754689103e-01 -1.335227381647514644e-01 1.902264699999999920e+01
-1.351538114376942545e-01 5.280891698738077178e-03 9.908105567850649109e-01 9.185592599999999663e+01 1.185215403151492763e-01 9.928919246636994655e-01 1.087522040875430612e-02 -7.444790000000000019e-01 -9.837103698422562381e-01 1.189022208391447288e-01 -1.348190273823789420e-01 1.879856900000000053e+01
-1.355870453801203690e-01 3.573523752237676987e-03 9.907589934252839514e-01 9.372197400000000300e+01 1.180664624976664467e-01 9.929260537611629411e-01 1.257625522846173016e-02 -7.657720000000000082e-01 -9.837054760233759909e-01 1.186805868298454192e-01 -1.350498232184966785e-01 1.851615299999999920e+01
-1.364424980699082968e-01 2.660194092132577015e-03 9.906444206110665007e-01 9.559760300000000655e+01 1.187368724270553011e-01 9.928314068044927776e-01 1.368768749106399896e-02 -7.725459999999999550e-01 -9.835064818529080100e-01 1.194936024647512973e-01 -1.357802604332151164e-01 1.824537000000000120e+01
-1.366136660499752131e-01 1.502110417151862609e-03 9.906232633613447636e-01 9.749656899999999382e+01 1.175442976216884428e-01 9.929587683582530300e-01 1.470450397276977517e-02 -7.706210000000000004e-01 -9.836259677057175299e-01 1.184509518946806755e-01 -1.358283020958234166e-01 1.797716099999999884e+01
-1.376886592666319298e-01 2.488929310980700360e-03 9.904724318931054095e-01 9.941040300000000229e+01 1.170465135863396622e-01 9.930308884112962753e-01 1.377564221205219291e-02 -7.472950000000000426e-01 -9.835354323900283857e-01 1.178280946631855286e-01 -1.370204121341168646e-01 1.768020299999999878e+01
-1.402169319553576154e-01 3.536437463592521924e-03 9.901144911590233910e-01 1.013107550000000003e+02 1.151407623122485124e-01 9.932672519258899380e-01 1.275817799471581221e-02 -7.186820000000000430e-01 -9.834031812268964057e-01 1.157914498642134415e-01 -1.396800747822052324e-01 1.741503700000000165e+01
-1.445230230057504839e-01 4.796970831045951900e-03 9.894898104033841291e-01 1.032257010000000008e+02 1.161499756964236574e-01 9.931573707945438034e-01 1.214989638594744098e-02 -6.957210000000000338e-01 -9.826608158296529227e-01 1.166851571851157121e-01 -1.440912735931129118e-01 1.715723600000000104e+01
-1.496152333729787731e-01 4.159030531889727766e-03 9.887355482674748952e-01 1.051445879999999988e+02 1.145496775844618564e-01 9.933304133971824212e-01 1.315527215524617960e-02 -6.790100000000000025e-01 -9.820863777224715374e-01 1.152275673839275594e-01 -1.490937772233887904e-01 1.692814600000000169e+01
-1.544492598085225321e-01 3.909208281457743350e-03 9.879929879484027344e-01 1.070768779999999936e+02 1.135248728318044714e-01 9.934390856440576956e-01 1.381616311503429395e-02 -6.553250000000000464e-01 -9.814568403109343864e-01 1.142956744820677467e-01 -1.538797238156056624e-01 1.664471199999999840e+01
-1.590041880476602554e-01 3.932215599928366723e-03 9.872700774680551739e-01 1.090108819999999952e+02 1.137869845891305021e-01 9.934012515298953350e-01 1.436925874742834425e-02 -6.949419999999999487e-01 -9.806988275313766046e-01 1.146232574101488655e-01 -1.584023943609107477e-01 1.634489599999999854e+01
-1.629363306575315196e-01 5.901546572435988069e-03 9.866189355064665101e-01 1.109532319999999999e+02 1.139780257309010447e-01 9.933997641305057913e-01 1.288092682773804565e-02 -6.713329999999999576e-01 -9.800310004292445143e-01 1.145516493705300148e-01 -1.625335590705671018e-01 1.601431099999999930e+01
-1.671695267696945708e-01 7.884458592961093859e-03 9.858966399335643560e-01 1.128919290000000046e+02 1.140955814624784320e-01 9.934043490225611395e-01 1.140165048581288226e-02 -6.584389999999999965e-01 -9.793041139555859198e-01 1.143924589112305656e-01 -1.669665168047387294e-01 1.569397299999999973e+01
-1.714739727790048074e-01 7.746571550777188453e-03 9.851581940422529104e-01 1.148342310000000026e+02 1.132771782041576691e-01 9.934921041525779373e-01 1.190461610413109939e-02 -6.666290000000000271e-01 -9.786546671617564197e-01 1.136372721235947292e-01 -1.712355477896440048e-01 1.534842500000000065e+01
-1.757143850021370135e-01 7.737797730116867390e-03 9.844107787857715453e-01 1.167884679999999946e+02 1.118004536546744199e-01 9.936564514766716982e-01 1.214557538356735716e-02 -6.559989999999999988e-01 -9.780721412380225521e-01 1.121917239598212157e-01 -1.754648215711442916e-01 1.499705200000000005e+01
-1.815562822585344849e-01 6.582689432995635082e-03 9.833585229062128397e-01 1.187533520000000067e+02 1.102229852236520369e-01 9.938124911065113753e-01 1.369766582512488284e-02 -6.596790000000000154e-01 -9.771838158201590074e-01 1.108756092226732132e-01 -1.811584648274960907e-01 1.467808100000000060e+01
-1.862474274976749222e-01 6.187497010632370120e-03 9.824833894938082013e-01 1.207153119999999973e+02 1.097085844931038195e-01 9.938574695842355977e-01 1.453810992322612794e-02 -6.424299999999999455e-01 -9.763585008791689779e-01 1.104945475232317620e-01 -1.857822185480043631e-01 1.429463400000000028e+01
-1.918795477972564112e-01 5.955681962204854851e-03 9.814004121608495002e-01 1.227001539999999977e+02 1.096007673373053382e-01 9.938564235712571415e-01 1.539743891767699630e-02 -6.229350000000000165e-01 -9.752794014723134008e-01 1.105166918547365595e-01 -1.913534684433260136e-01 1.393774100000000082e+01
-1.972839375129073480e-01 7.641021338518266814e-03 9.803166135449850049e-01 1.246392910000000001e+02 1.091815892988591274e-01 9.939200289554134260e-01 1.422520999653251184e-02 -5.995449999999999946e-01 -9.742476217869759925e-01 1.098389313229808650e-01 -1.969187157388727627e-01 1.355850399999999922e+01
-2.036781890480520163e-01 9.285423619089232250e-03 9.789938591300352266e-01 1.266041819999999944e+02 1.090099879943829120e-01 9.939523154228910862e-01 1.325206334644277173e-02 -5.702319999999999611e-01 -9.729501620450914379e-01 1.094192650938933115e-01 -2.034586115226922898e-01 1.320610399999999984e+01
-2.095420302329234763e-01 8.732429048141740480e-03 9.777606467069450691e-01 1.286054699999999968e+02 1.085886527326670736e-01 9.939825520553940974e-01 1.439412057577385551e-02 -5.595320000000000293e-01 -9.717513272764635168e-01 1.091898845697936021e-01 -2.092293646792111605e-01 1.277536300000000047e+01
-2.150952732000378509e-01 8.778985842590521227e-03 9.765536098210773064e-01 1.305925520000000120e+02 1.078727107213327818e-01 9.940541920150250954e-01 1.482368439313672820e-02 -5.315039999999999765e-01 -9.706170726546247129e-01 1.085319895004752400e-01 -2.147633710073391100e-01 1.236330500000000043e+01
-2.200578583495252372e-01 9.895582114171817822e-03 9.754366286095890182e-01 1.325873679999999979e+02 1.083933408445468261e-01 9.940042256245635865e-01 1.436951986217600841e-02 -5.164250000000000229e-01 -9.694459359031721846e-01 1.088929607235162578e-01 -2.198110562862763961e-01 1.189736500000000063e+01
-2.252705342452623882e-01 1.033031212534066962e-02 9.742414849780554054e-01 1.346056020000000046e+02 1.079413747622178510e-01 9.940526975046382052e-01 1.441853661765343103e-02 -5.161440000000000472e-01 -9.682984281797095694e-01 1.084090366858096177e-01 -2.250458503273461419e-01 1.142659399999999970e+01
-2.288623170631901016e-01 1.034300808845505654e-02 9.734038535017978111e-01 1.366447929999999928e+02 1.085039033412099618e-01 9.939836127288459444e-01 1.494926708012734445e-02 -4.573990000000000000e-01 -9.673928585575709560e-01 1.090394415346748191e-01 -2.286076494818514160e-01 1.092500099999999996e+01
-2.329435185146049581e-01 9.854617864253518988e-03 9.724403342564442720e-01 1.387056570000000022e+02 1.093043763633876342e-01 9.938777456342441363e-01 1.611148785195206518e-02 -4.182409999999999739e-01 -9.663280346186000624e-01 1.100450509552438894e-01 -2.325945319013561496e-01 1.044708199999999998e+01
-2.367182169661942448e-01 1.020204988022428705e-02 9.715247829749826813e-01 1.407681259999999952e+02 1.114356238274427785e-01 9.936310263356679107e-01 1.671781221678941831e-02 -4.152520000000000100e-01 -9.651666112638452866e-01 1.122198809541722075e-01 -2.363474366691904471e-01 9.944530999999999565e+00
-2.396318304883229278e-01 1.093906623381743493e-02 9.708022057282049699e-01 1.427960950000000082e+02 1.122470718691351704e-01 9.935431347357670528e-01 1.651164062807435051e-02 -3.930179999999999785e-01 -9.643532447571382393e-01 1.129264196251595770e-01 -2.393124381995668237e-01 9.456141999999999825e+00
-2.429076032849416533e-01 1.010792941972156467e-02 9.699967659890478267e-01 1.448429549999999892e+02 1.100549972429691881e-01 9.937765883911605647e-01 1.720435838605609974e-02 -3.703640000000000265e-01 -9.637861764147770405e-01 1.109320608682257403e-01 -2.425083174312023804e-01 8.948384000000000782e+00
-2.469997542264797952e-01 1.114983994866501626e-02 9.689513932500319893e-01 1.468794800000000009e+02 1.093894018618819935e-01 9.938628715404654868e-01 1.644844471796637342e-02 -3.486000000000000210e-01 -9.628214165526016721e-01 1.100557751436037207e-01 -2.467035593281585726e-01 8.451240000000000308e+00
-2.513591334103442709e-01 1.174285592656506422e-02 9.678226549249033805e-01 1.489038119999999878e+02 1.080362316615536833e-01 9.940182266246969656e-01 1.599805570260723342e-02 -3.337419999999999831e-01 -9.618454962724376500e-01 1.085811699724245766e-01 -2.511242139417216857e-01 7.929255999999999638e+00
-2.553727487475725977e-01 1.121010814004391037e-02 9.667776852371994245e-01 1.509373720000000105e+02 1.072704907504989924e-01 9.940877801018277449e-01 1.680854741990796264e-02 -3.238880000000000092e-01 -9.608734573351769281e-01 1.079991616991016479e-01 -2.550654427025249582e-01 7.393761999999999723e+00
-2.600453052527896269e-01 1.190413517243461838e-02 9.655230348271242047e-01 1.529568350000000123e+02 1.084722455690885767e-01 9.939547883929109595e-01 1.696026450273489111e-02 -3.140459999999999918e-01 -9.594843464888747064e-01 1.091428888961612220e-01 -2.597645446288184834e-01 6.905031000000000141e+00
-2.648943286684228293e-01 1.098919916869009472e-02 9.642148267585067822e-01 1.549966320000000053e+02 1.076132999322079453e-01 9.940255815444268839e-01 1.823515596216273432e-02 -3.686169999999999725e-01 -9.582538141416433453e-01 1.085927287478061498e-01 -2.644943230886046548e-01 6.377648999999999901e+00
-2.686541258851631309e-01 1.104216556699359753e-02 9.631734170046793997e-01 1.570279209999999921e+02 1.071998881210428356e-01 9.940652729251986397e-01 1.850451704277127074e-02 -3.439550000000000107e-01 -9.572529157081292039e-01 1.082233973951169798e-01 -2.682434558839110750e-01 5.772452999999999612e+00
-2.722979762273147752e-01 1.044679122554085376e-02 9.621562641772899438e-01 1.590906919999999900e+02 1.069280373308992560e-01 9.940761473795028946e-01 1.946812892104964055e-02 -2.993669999999999942e-01 -9.562532127920254643e-01 1.081826130402420844e-01 -2.718019780294372856e-01 5.162719000000000058e+00
-2.763000694491508646e-01 1.073696728224675379e-02 9.610114406998355729e-01 1.611693520000000035e+02 1.083948367321451028e-01 9.939055047678595489e-01 2.006008379738422054e-02 -2.746839999999999837e-01 -9.549391765930463905e-01 1.097112807587553029e-01 -2.757799918088104096e-01 4.529298999999999964e+00
-2.808581080064863622e-01 1.000326549410725935e-02 9.596971698647818183e-01 1.632763180000000034e+02 1.090835262023300001e-01 9.937986415543859087e-01 2.156488710665539765e-02 -3.123029999999999973e-01 -9.535300244241304846e-01 1.107438247673955406e-01 -2.802075976800164625e-01 3.928072999999999926e+00
-2.843987771299463785e-01 1.036112653426347202e-02 9.586500835153208833e-01 1.653347860000000082e+02 1.090000670756591794e-01 9.938071341652636725e-01 2.159549628342435218e-02 -3.200399999999999912e-01 -9.524895384960889722e-01 1.106346561397764383e-01 -2.837668971468316759e-01 3.312301999999999857e+00
-2.883783485290747350e-01 1.171575621028828063e-02 9.574448648126245853e-01 1.674043399999999906e+02 1.090842587755211784e-01 9.938170585416191694e-01 2.069489403400927297e-02 -3.016300000000000092e-01 -9.512825829305606717e-01 1.104101227610260055e-01 -2.878733266644489808e-01 2.739450999999999858e+00
-2.917734400820858887e-01 1.323543327677689785e-02 9.563958819278978174e-01 1.694568390000000022e+02 1.113774575255859350e-01 9.935722734350229679e-01 2.022867806596259643e-02 -2.952890000000000237e-01 -9.499806953921757779e-01 1.124231327046886775e-01 -2.913721290979324197e-01 2.136906999999999890e+00
-2.946996109065442848e-01 1.436569874437967909e-02 9.554819548432704757e-01 1.714737350000000049e+02 1.106320391988969559e-01 9.936763005854143405e-01 1.918232409222126594e-02 -2.231990000000000085e-01 -9.491642066756549312e-01 1.113599405283202115e-01 -2.944253256961837373e-01 1.490129000000000037e+00
-2.984738719064933821e-01 1.478851024838278433e-02 9.543032263142461336e-01 1.735317269999999894e+02 1.108486928642969382e-01 9.936504302890905027e-01 1.927147312953152863e-02 -1.811570000000000125e-01 -9.479588150755404730e-01 1.115352964354287546e-01 -2.982179782803814350e-01 8.586540000000000283e-01
-3.029139859621310937e-01 1.430799329430063743e-02 9.529104881553266404e-01 1.755793040000000076e+02 1.094119990209670157e-01 9.937980997070968714e-01 1.985828514245881887e-02 -1.724960000000000104e-01 -9.467165001090710463e-01 1.102751937039946062e-01 -3.026008097721760715e-01 2.353820000000000079e-01
-3.065949651249766372e-01 1.569636469906498383e-02 9.517106448365744154e-01 1.775826189999999940e+02 1.128984964473018215e-01 9.934054931907581043e-01 1.998638532514515620e-02 -1.574639999999999929e-01 -9.451208689156922471e-01 1.135744259666785494e-01 -3.063452185139936557e-01 -3.922740000000000116e-01
-3.105022656378864099e-01 1.608108834406677540e-02 9.504366057930480061e-01 1.796753970000000038e+02 1.149468965948970134e-01 9.931549250835393083e-01 2.074863237689723861e-02 -1.164739999999999942e-01 -9.435971354327763461e-01 1.156922356080125752e-01 -3.102253255668830922e-01 -1.032726000000000033e+00
-3.133589337576588307e-01 1.537760532301567923e-02 9.495102463316512642e-01 1.817236389999999915e+02 1.160192037131289600e-01 9.929986890326955029e-01 2.220693470787145352e-02 -9.893599999999999617e-02 -9.425209403530697694e-01 1.171201640789396453e-01 -3.129491079426295341e-01 -1.692603999999999997e+00
-3.167849207164299408e-01 1.484588450517723007e-02 9.483812069626559316e-01 1.838245589999999936e+02 1.159584044683275861e-01 9.929833390158471218e-01 2.318915414798423946e-02 -7.329600000000000004e-02 -9.413824740454034279e-01 1.173187459453866183e-01 -3.162836534030124547e-01 -2.363497000000000181e+00
-3.196611398547805072e-01 1.559662100363931603e-02 9.474035576669593839e-01 1.859447480000000041e+02 1.150091214989699129e-01 9.931105857732347442e-01 2.245587667354843192e-02 -2.770699999999999899e-02 -9.405262663204988494e-01 1.161383220061805444e-01 -3.192526155301019797e-01 -3.083000000000000185e+00
-3.223929999744423180e-01 1.771479535528946991e-02 9.464401405228960451e-01 1.880283650000000080e+02 1.145195917101884953e-01 9.932111101609542025e-01 2.041944581462654118e-02 7.487999999999999864e-03 -9.396531363657606439e-01 1.149690248648085056e-01 -3.222330005440536826e-01 -3.798264999999999780e+00
-3.252111581732200496e-01 1.920354449790861312e-02 9.454464165029923262e-01 1.900937839999999994e+02 1.147918690745156900e-01 9.932018262819564125e-01 1.931214810852736885e-02 3.256000000000000213e-03 -9.386482458269509443e-01 1.148100873133684890e-01 -3.252047269906829241e-01 -4.530611999999999639e+00
-3.286251037154315213e-01 2.042735513738713760e-02 9.442395164205494851e-01 1.922336889999999983e+02 1.132289292303948758e-01 9.934073783652173084e-01 1.791619923098421163e-02 6.603599999999999748e-02 -9.376485219917751746e-01 1.128029422117931974e-01 -3.287715702961597763e-01 -5.261021999999999643e+00
-3.321465797569439493e-01 2.128037364716509061e-02 9.429876962363833437e-01 1.943529440000000079e+02 1.113718309559096897e-01 9.936367095998593912e-01 1.680489824702532248e-02 1.010080000000000006e-01 -9.366295771676723669e-01 1.106039557746540947e-01 -3.324030687910477511e-01 -6.005952999999999875e+00
-3.366113244755534750e-01 2.128688199911184242e-02 9.414030406205250445e-01 1.964306929999999909e+02 1.127188281972214962e-01 9.934667585740495355e-01 1.783999378408951397e-02 1.012929999999999942e-01 -9.348728694344804468e-01 1.121189915363448864e-01 -3.368115938209581550e-01 -6.691859000000000002e+00
-3.402907336224178514e-01 2.029403119736379602e-02 9.401012546042458728e-01 1.985242419999999868e+02 1.124930838521527171e-01 9.934655719977111277e-01 1.927338425635471281e-02 1.100330000000000058e-01 -9.335670959797958135e-01 1.123134433316911041e-01 -3.403500664768993600e-01 -7.439960000000000129e+00
-3.440135439033348841e-01 1.946040053440032530e-02 9.387630022652726502e-01 2.006487919999999860e+02 1.116144428581195558e-01 9.935441108237352825e-01 2.030556556574538568e-02 1.347260000000000124e-01 -9.323072979208835154e-01 1.117648990448876500e-01 -3.439646923522038380e-01 -8.200848000000000582e+00
-3.480400650236022964e-01 1.949326325641202728e-02 9.372769739121851185e-01 2.027383140000000026e+02 1.123357854849449250e-01 9.934472670761681501e-01 2.105228819803222490e-02 1.630590000000000095e-01 -9.307248704304871278e-01 1.126167848347162936e-01 -3.479492424702834708e-01 -8.925973000000000823e+00
-3.514496639756665708e-01 1.938093227441512606e-02 9.360061501697335418e-01 2.048511650000000088e+02 1.116508011492364782e-01 9.935181170096776260e-01 2.135063877915780589e-02 1.860739999999999894e-01 -9.295252725419168582e-01 1.120095113716641222e-01 -3.513355049922457507e-01 -9.722666999999999504e+00
-3.571204920034637409e-01 1.910737930306527499e-02 9.338628712222010186e-01 2.069287050000000079e+02 1.111623152787881430e-01 9.935546980715462828e-01 2.218110912054963718e-02 1.550040000000000029e-01 -9.274200201920721476e-01 1.117316875202698234e-01 -3.569427631299022519e-01 -1.038514799999999916e+01
-3.579138368133407688e-01 1.932665700357035637e-02 9.335545863775825959e-01 2.090444329999999979e+02 1.112580248620912704e-01 9.935460949280782161e-01 2.208640208256017201e-02 1.825610000000000011e-01 -9.271026573801518511e-01 1.117704682920877129e-01 -3.577541405720244816e-01 -1.132587099999999936e+01
-3.611391229281321058e-01 2.085109560107449578e-02 9.322788025601214112e-01 2.111694270000000131e+02 1.120329402152236559e-01 9.934787805233008529e-01 2.117859666425506854e-02 2.472600000000000076e-01 -9.257576109314096247e-01 1.120943551753161571e-01 -3.611200649927921447e-01 -1.211916300000000035e+01
-3.634219434462868104e-01 2.058701777773590258e-02 9.313971578874088442e-01 2.132880600000000015e+02 1.122448439762837175e-01 9.934405757557995820e-01 2.183843956708342998e-02 3.052770000000000206e-01 -9.248381404453772658e-01 1.124810968163300617e-01 -3.633488913379697705e-01 -1.297855700000000034e+01
-3.659812318155683530e-01 1.991433287516176931e-02 9.304091343623495103e-01 2.154318039999999996e+02 1.134608194772290662e-01 9.932675646547720616e-01 2.337065357096480139e-02 3.323420000000000263e-01 -9.236798040459230918e-01 1.141182034160881098e-01 -3.657767833621612397e-01 -1.382485699999999973e+01
