9.990687245969646080e-01 -1.001996857479653218e-02 4.196765137524950673e-02 8.409470000000000486e-03 1.014033962305660279e-02 9.999450573167184553e-01 -2.656286918555871013e-03 -1.897079999999999936e-04 -4.193872964842235151e-02 3.079379422012283769e-03 9.991154389648133627e-01 4.420515500000000292e-02
9.986451752973350970e-01 -1.622661571326247665e-02 4.944199427459309432e-02 2.010603099999999990e-02 1.635348812446753980e-02 9.998639339958051986e-01 -2.162618920409321941e-03 -1.883745000000000037e-03 -4.940017491383701803e-02 2.968238017093051146e-03 9.987746554060911164e-01 6.171273800000000309e-02
9.985153289234525165e-01 -2.287371917924100814e-02 4.943612925582598072e-02 3.504190199999999977e-02 2.292618234513581557e-02 9.997370383012736950e-01 -4.943800918639437453e-04 -3.494608000000000176e-03 -4.941182113590930625e-02 1.627027813797502333e-03 9.987771646931692393e-01 7.954919300000000415e-02
9.984237723425617439e-01 -2.750802214023673545e-02 4.892115635571964161e-02 4.830935199999999985e-02 2.745788319626251903e-02 9.996215211994851080e-01 1.696763156110313916e-03 -4.789045999999999928e-03 -4.894931533360734333e-02 -3.508172740540851020e-04 9.988012021696867082e-01 9.822675599999999840e-02
9.985143021774429695e-01 -3.080580802922896003e-02 4.494652977439355518e-02 6.211717800000000206e-02 3.058254874373080370e-02 9.995162948616269638e-01 5.646593523758144592e-03 -7.263903999999999847e-03 -4.509873678310161865e-02 -4.263624954368093814e-03 9.989734358043846907e-01 1.169637070000000001e-01
9.986361784448587464e-01 -3.317809901726300609e-02 4.031124962896635161e-02 7.506772899999999971e-02 3.291424033340777794e-02 9.994323038464316689e-01 7.191857304515275259e-03 -7.774235000000000000e-03 -4.052697724137368368e-02 -5.855234736074084456e-03 9.991612884524012639e-01 1.366074090000000130e-01
9.989059491967882121e-01 -3.391442783800265731e-02 3.219807826073708273e-02 8.890290600000000376e-02 3.354816805488401027e-02 9.993668692556678668e-01 1.184825110664749874e-02 -9.779295999999999822e-03 -3.257951932464472206e-02 -1.075510197747210107e-02 9.994112780542498964e-01 1.560163940000000027e-01
9.991484807034347604e-01 -3.347854961869552171e-02 2.411431573664380573e-02 1.013963300000000067e-01 3.312106478355712758e-02 9.993376563441664917e-01 1.507460381409631185e-02 -1.166010800000000062e-02 -2.460301964437327377e-02 -1.426307568433600285e-02 9.995955462567855943e-01 1.763111950000000039e-01
9.993130152418439049e-01 -3.374260556741340289e-02 1.532756137734290688e-02 1.131613330000000028e-01 3.352588192696469294e-02 9.993372089430605509e-01 1.418302023241023793e-02 -1.271712799999999942e-02 -1.579597446419417697e-02 -1.365940670072085181e-02 9.997819301224195598e-01 1.967152950000000122e-01
9.994432746194498174e-01 -3.326330576538660821e-02 2.587142730745687659e-03 1.262470780000000126e-01 3.322414965840660150e-02 9.993507493326199143e-01 1.393684640823819772e-02 -1.421024299999999914e-02 -3.049048610083600341e-03 -1.384313179484395091e-02 9.998995304552772412e-01 2.183938920000000061e-01
9.993414783715652838e-01 -3.422857117610504651e-02 -1.204219753104282531e-02 1.389884949999999897e-01 3.442270175121225906e-02 9.992744165618395735e-01 1.630085915350067485e-02 -1.611345299999999980e-02 1.147550479418798369e-02 -1.670464965922629705e-02 9.997946126427573743e-01 2.412074359999999973e-01
9.989508764657235584e-01 -3.420515596105140610e-02 -3.044919890642262122e-02 1.517318490000000020e-01 3.477227323806510173e-02 9.992278037462275497e-01 1.829440445458434955e-02 -1.745058199999999921e-02 2.979992319151309604e-02 -1.933399922857979153e-02 9.993688813704423302e-01 2.654811440000000022e-01
9.983195907688869886e-01 -3.373559220765934979e-02 -4.711586256708748949e-02 1.617752020000000068e-01 3.406559639637623399e-02 9.994002524696006251e-01 6.218561397766212383e-03 -1.176725500000000077e-02 4.687781809343690570e-02 -7.813141627866697012e-03 9.988700741281127948e-01 2.898719909999999955e-01
9.972139624856057871e-01 -3.489083711816628325e-02 -6.593134693717707384e-02 1.716104599999999925e-01 3.492134525099416936e-02 9.993898255964351884e-01 -6.900291208882872174e-04 -9.598763999999999214e-03 6.591519301054717117e-02 -1.614304655384769024e-03 9.978239230199194010e-01 3.148105740000000097e-01
9.958974319267485109e-01 -3.284884626899042120e-02 -8.431641821438748408e-02 1.801125709999999991e-01 3.206452538248747569e-02 9.994291666579316891e-01 -1.063987995364358563e-02 -6.568627999999999967e-03 8.461779537250468941e-02 7.892663189846882421e-03 9.963822231323020695e-01 3.401666879999999948e-01
9.942250587046993493e-01 -3.056541735422174666e-02 -1.028702479125976066e-01 1.876075859999999929e-01 2.804722566411863710e-02 9.992726187902830626e-01 -2.583769472216206758e-02 -1.714526999999999978e-03 1.035851619498809051e-01 2.280325849460723003e-02 9.943591532368196706e-01 3.660896719999999771e-01
9.930765928630095329e-01 -2.588037665533986578e-02 -1.145822272945248715e-01 1.917581710000000050e-01 2.229740054901587984e-02 9.992248672589594261e-01 -3.244211121477291043e-02 -6.595280000000000456e-04 1.153330249163402738e-01 2.966261545266511007e-02 9.928838918061638763e-01 3.887179199999999946e-01
9.914993917189950379e-01 -1.846844346604639697e-02 -1.287939160706128572e-01 1.957287639999999995e-01 1.283348839072477425e-02 9.989293885233615500e-01 -4.444522831607354563e-02 2.069297999999999797e-03 1.294768620124374103e-01 4.241454161351058960e-02 9.906748956459570099e-01 4.117439990000000272e-01
9.894687377646048665e-01 -1.471585012071053265e-02 -1.439967386496806556e-01 2.001087520000000008e-01 7.474625789768292797e-03 9.986859672707911750e-01 -5.069979039115677516e-02 2.827254999999999872e-03 1.445536127387433423e-01 4.908953586691450904e-02 9.882785389314838742e-01 4.345751999999999948e-01
9.864937783337734967e-01 -1.461777059244815866e-02 -1.631451687659253025e-01 2.041995970000000105e-01 5.092282727723889020e-03 9.982654583917456304e-01 -5.865273428015882473e-02 3.330777999999999951e-03 1.637195588968422821e-01 5.702977612462239998e-02 9.848571016496752151e-01 4.562821980000000277e-01
9.850714250928813698e-01 -2.720665306726318972e-03 -1.721246218464070055e-01 2.059425410000000067e-01 -8.924813672996240524e-03 9.977233076888861740e-01 -6.684720633841381709e-02 3.558138000000000186e-03 1.719146159184324063e-01 6.738545298977330344e-02 9.828044391225453369e-01 4.735681409999999980e-01
9.840334391261396085e-01 -5.106347224304603333e-04 -1.779829484354113756e-01 2.066833670000000067e-01 -1.241746743912935588e-02 9.973622104357202645e-01 -7.151522703013803162e-02 3.361892000000000005e-03 1.775499850295127746e-01 7.258347227127033563e-02 9.814314251994713523e-01 4.845393000000000061e-01
9.851403626457396756e-01 -4.679765907563367133e-03 -1.716874068686192745e-01 2.042998520000000040e-01 -7.157276722471019384e-03 9.976417850342682581e-01 -6.826157149931968982e-02 2.743446999999999986e-03 1.716019792314132375e-01 6.847604358233005950e-02 9.827836955196053159e-01 4.842746849999999825e-01
9.838919917800958981e-01 1.823935225227653854e-03 -1.787546412580381938e-01 2.047693879999999966e-01 -1.548306023955701299e-02 9.970597522594863982e-01 -7.504748676584573064e-02 2.793106999999999968e-03 1.780921765732959017e-01 7.660629011083695816e-02 9.810273456733202835e-01 4.948603810000000158e-01
9.847239079875801382e-01 -6.172058286221950886e-03 -1.740135935327444816e-01 2.026381790000000016e-01 -6.180560255777656740e-03 9.975028432440670167e-01 -7.035537218241999513e-02 2.003219000000000093e-03 1.740132917698887782e-01 7.035611854354684169e-02 9.822267512498801256e-01 4.949520530000000029e-01
9.845104860342428488e-01 -4.742792284238604890e-03 -1.752615440134186187e-01 2.017535570000000000e-01 -7.526023557479929148e-03 9.975694222225836016e-01 -6.927197713298603732e-02 1.595187999999999988e-03 1.751640997979641845e-01 6.951801038471432104e-02 9.820818623587951324e-01 5.001882909999999516e-01
9.841822991588564662e-01 -5.484950263235573685e-03 -1.770737624353108386e-01 2.009442449999999936e-01 -7.037794380490329342e-03 9.975211094552157709e-01 -7.001503868093893190e-02 1.174640000000000016e-03 1.770188449647240592e-01 7.015377047490224671e-02 9.817040170109877506e-01 5.055701139999999594e-01
9.840269452174064124e-01 -4.800265360312121025e-03 -1.779548497191633660e-01 2.000299540000000098e-01 -7.938917097576993556e-03 9.974585511005624738e-01 -7.080545481588641776e-02 7.611960000000000080e-04 1.778424715342688534e-01 7.108724420623800666e-02 9.814879821117248326e-01 5.111043450000000155e-01
9.837646690728881760e-01 -5.762973700292642679e-03 -1.793707445991139515e-01 1.991735990000000067e-01 -7.182397277519460624e-03 9.974191815782464943e-01 -7.143801081447420653e-02 3.362479999999999831e-04 1.793195166546539543e-01 7.156650301580194662e-02 9.811843591256591557e-01 5.166692729999999845e-01
9.835052463700423298e-01 -5.708305295565335551e-03 -1.807895063692995241e-01 1.982871890000000026e-01 -7.338949187468089656e-03 9.974195362717419577e-01 -7.141714421822698000e-02 -9.058799999999999394e-05 1.807306564681989136e-01 7.156594102026389570e-02 9.809254537927222239e-01 5.222508909999999949e-01
9.832382917260772404e-01 -7.161207316834864063e-03 -1.821844636442712106e-01 1.973948929999999879e-01 -5.659007148223618895e-03 9.975482840896376935e-01 -6.975239456761123114e-02 -5.471929999999999633e-04 1.822373104544780520e-01 6.961420846051960543e-02 9.807871454391791088e-01 5.279432539999999729e-01
9.829539613913896856e-01 -9.035138540668834206e-03 -1.836297254164625248e-01 1.966063979999999878e-01 -3.418534482237916249e-03 9.977208531576164940e-01 -6.739000516717422173e-02 -1.053764999999999910e-03 1.838200843405536633e-01 6.686901708556017287e-02 9.806827780414230089e-01 5.336655380000000504e-01
9.828119626889985083e-01 -9.190822954188992977e-03 -1.843805162397136321e-01 1.956391630000000048e-01 -3.504599344090017065e-03 9.976510895586174765e-01 -6.841068108081288512e-02 -1.410484000000000043e-03 1.845761733779199276e-01 6.788101557820153120e-02 9.804712152558258120e-01 5.391445759999999865e-01
9.827205402047581861e-01 -1.220169878408182765e-02 -1.846928758952301464e-01 1.945078369999999890e-01 -7.592160244881780359e-04 9.975507246197011790e-01 -6.994265795447987544e-02 -1.810930999999999999e-03 1.850939314259019697e-01 6.887430839937155880e-02 9.803043232546777563e-01 5.442439909999999825e-01
9.826186256009257214e-01 -1.115571833923797995e-02 -1.853002605785626922e-01 1.934580210000000078e-01 -1.759208167466745285e-03 9.975882607790136358e-01 -6.938708195713422233e-02 -2.272744000000000153e-03 1.856274274151618053e-01 6.850702083902154849e-02 9.802291804914760043e-01 5.496936439999999813e-01
9.825915094675269357e-01 -1.147260732574824707e-02 -1.854246607209407149e-01 1.924167569999999938e-01 -1.459871894310514270e-03 9.975837640391919114e-01 -6.945863876761468325e-02 -2.649359000000000002e-03 1.857735026756479613e-01 6.852016496292875902e-02 9.802005879905775210e-01 5.552158360000000181e-01
9.825270415091353904e-01 -1.103346803377185451e-02 -1.857925598253424848e-01 1.913871319999999876e-01 -1.775134735815431415e-03 9.976403775999618251e-01 -6.863327093236357146e-02 -3.052688999999999923e-03 1.861114225403036060e-01 6.776385146487215461e-02 9.801890628009839457e-01 5.608748199999999962e-01
9.824266867570030648e-01 -1.053620485429497197e-02 -1.863512638404302701e-01 1.905962079999999892e-01 -2.621799195558246857e-03 9.975279708271841406e-01 -7.022160341646030424e-02 -3.258251000000000203e-03 1.866304672786184837e-01 6.947615277682545054e-02 9.799704755137758072e-01 5.662763119999999484e-01
9.825025484055032177e-01 -1.266939405148699918e-02 -1.858177301310612595e-01 1.892498430000000009e-01 -1.344572339141494877e-04 9.976351828273936073e-01 -6.873153501999881843e-02 -3.847132999999999976e-03 1.862490920728045174e-01 6.755389285097657126e-02 9.801774060152247392e-01 5.722153190000000000e-01
9.825950389784688932e-01 -1.345334075007111399e-02 -1.852727637769879532e-01 1.881186659999999899e-01 4.848440652302143591e-04 9.975563457643106258e-01 -6.986488353663453110e-02 -4.267159999999999877e-03 1.857599372877088151e-01 6.855905956193952822e-02 9.802004392219220152e-01 5.779143570000000452e-01
9.826608980681986738e-01 -1.324842324261344198e-02 -1.849379319917523190e-01 1.870515050000000068e-01 8.235478948840670166e-05 9.974749837925270812e-01 -7.101865899738310506e-02 -4.689895000000000348e-03 1.854118459686167897e-01 6.977202870551002523e-02 9.801807544452336707e-01 5.836763980000000407e-01
9.829167542333917540e-01 -1.243176826000994516e-02 -1.836303498477953322e-01 1.859907209999999977e-01 -8.272524204386219604e-04 9.974077170795693226e-01 -7.195249518644127040e-02 -5.113850999999999987e-03 1.840488247740994787e-01 7.087522167902816916e-02 9.803584717088038580e-01 5.893542769999999820e-01
9.831769843555883126e-01 -1.155142143593687262e-02 -1.822898299309664849e-01 1.848436300000000088e-01 -1.659686943419938152e-03 9.973920740119384121e-01 -7.215466816092863667e-02 -5.615181999999999812e-03 1.826479205266272610e-01 7.124335310029467072e-02 9.805937598038881875e-01 5.952659850000000530e-01
9.834307617887034780e-01 -1.063032316159498447e-02 -1.809721884632287392e-01 1.837100389999999916e-01 -2.340607280353197879e-03 9.974514828249922971e-01 -7.130961343173373990e-02 -6.080486000000000398e-03 1.812690219680392067e-01 7.055165228188635396e-02 9.808995901900694481e-01 6.011351350000000426e-01
9.835557283765876679e-01 -1.084708459070532829e-02 -1.802788671294617562e-01 1.826214640000000111e-01 -2.019648217059170740e-03 9.974717836634633406e-01 -7.103493377422387400e-02 -6.547194000000000104e-03 1.805936050879969057e-01 7.023091592106089909e-02 9.810471794211578223e-01 6.070299150000000310e-01
9.836113892057954944e-01 -8.382055180599005603e-03 -1.801065689407094494e-01 1.815362419999999866e-01 -4.494218190998926221e-03 9.974686268511108178e-01 -7.096576956963929206e-02 -7.002033000000000389e-03 1.802454910046207559e-01 7.061217741090300426e-02 9.810838309613477692e-01 6.129671930000000213e-01
9.839632098309376573e-01 -8.084577530222862921e-03 -1.781882187613871016e-01 1.803707930000000015e-01 -4.706055354081596295e-03 9.974479405608031035e-01 -7.124225511602684524e-02 -7.495619000000000240e-03 1.783094353706568269e-01 7.093832164049661271e-02 9.814140307640945027e-01 6.189838650000000220e-01
9.844858165068303135e-01 -7.781264120618794876e-03 -1.752915543475067339e-01 1.792695519999999987e-01 -4.983172249692716278e-03 9.973733310348993353e-01 -7.226068457106470111e-02 -7.922000999999999696e-03 1.753934009340420708e-01 7.201312706051714307e-02 9.818611227865966518e-01 6.250327230000000123e-01
9.851669302386781846e-01 -7.589948223167866138e-03 -1.714307797627635244e-01 1.781775499999999901e-01 -5.110858663668200498e-03 9.972803183710096109e-01 -7.352445656744237279e-02 -8.407358000000000192e-03 1.715225894388826833e-01 7.331002165998413977e-02 9.824487986843859488e-01 6.313508749999999781e-01
9.859877862520775027e-01 -5.153980060943909487e-03 -1.667378836715245893e-01 1.771393870000000093e-01 -7.144300594993396696e-03 9.973009067733110689e-01 -7.307434788035928330e-02 -8.840933000000000472e-03 1.666644663110161684e-01 7.324164005989204640e-02 9.832896917137905479e-01 6.374328729999999554e-01
9.867877643576569158e-01 -3.998340873751669508e-03 -1.619688901742387666e-01 1.760235129999999926e-01 -7.773928927025983149e-03 9.973755368787233788e-01 -7.198336241740753427e-02 -9.430956000000000755e-03 1.618316228153659497e-01 7.229143591142438152e-02 9.841668934437947103e-01 6.437401179999999723e-01
9.875777095327122890e-01 -2.155136834339798409e-03 -1.571165905286487363e-01 1.749987450000000111e-01 -9.401003241872407309e-03 9.973043601444195883e-01 -7.277110948017979919e-02 -9.925830999999999543e-03 1.568498924837632980e-01 7.334417919750198245e-02 9.848952952500467095e-01 6.499418620000000368e-01
9.883197236074308112e-01 -3.292835622592853173e-03 -1.523590534300285071e-01 1.739579139999999913e-01 -8.204221820564567072e-03 9.971670487560361229e-01 -7.477009843176705972e-02 -1.043586799999999919e-02 1.521736333037056188e-01 7.514675048689560544e-02 9.854928468631366512e-01 6.562684180000000200e-01
9.890042901506352901e-01 -2.945268938733687156e-03 -1.478574971197489929e-01 1.730142980000000108e-01 -8.563119144153042914e-03 9.969836962369097444e-01 -7.713742560075757815e-02 -1.089416799999999921e-02 1.476387044584213659e-01 7.755536621451737667e-02 9.859959320997074839e-01 6.625212430000000374e-01
9.896585405395895707e-01 -2.189210019614141502e-03 -1.434265683077570186e-01 1.720694299999999954e-01 -8.904781615642693576e-03 9.970173700548797813e-01 -7.666204193229328445e-02 -1.153526499999999941e-02 1.431666092405187163e-01 7.714642680215982873e-02 9.866872609039967212e-01 6.689484719999999607e-01
9.904901867133141247e-01 4.283000308457247940e-04 -1.375827263274992940e-01 1.710653309999999871e-01 -1.112608492894971365e-02 9.969693451075074542e-01 -7.699568267157153034e-02 -1.204860200000000027e-02 1.371327833115691952e-01 7.779422520336018443e-02 9.874931180855038848e-01 6.753346319999999903e-01
9.912383593797531312e-01 1.845893834829922565e-03 -1.320723573276628704e-01 1.701809169999999871e-01 -1.210288506630967723e-02 9.969652409341106525e-01 -7.690142093786343780e-02 -1.258829600000000055e-02 1.315295976851105220e-01 7.782609488559284749e-02 9.882525304230956875e-01 6.818700429999999812e-01
9.919726655727918452e-01 2.662916442713590161e-03 -1.264244423852806665e-01 1.692902000000000018e-01 -1.240166432240171618e-02 9.970071842628462910e-01 -7.630775353989545373e-02 -1.313197600000000007e-02 1.258428761529412077e-01 7.726307917945081372e-02 9.890368987642803589e-01 6.882844569999999607e-01
9.927607031832876849e-01 2.041102639583920048e-03 -1.200917154304950024e-01 1.684198980000000123e-01 -1.128417109966528206e-02 9.970182042328644689e-01 -7.633719873605381012e-02 -1.368103900000000074e-02 1.195778144039176955e-01 7.713970656081718669e-02 9.898235256721742426e-01 6.949753170000000368e-01
9.934576802361564374e-01 1.424752248912176944e-03 -1.141919772174209147e-01 1.676115539999999959e-01 -1.043349773435070689e-02 9.968726915845470549e-01 -7.833248941536327670e-02 -1.421115899999999925e-02 1.137232592956342325e-01 7.901143495728907284e-02 9.903656968217184886e-01 7.014971970000000168e-01
9.941366061395905396e-01 2.558996008339747309e-03 -1.081011557416750313e-01 1.668685079999999987e-01 -1.116516202746774267e-02 9.968055719803824433e-01 -7.908217767463741887e-02 -1.479887199999999937e-02 1.075534634038205761e-01 7.982545463880445780e-02 9.909894799146714561e-01 7.081944940000000077e-01
9.948629219518744238e-01 1.890741671468330193e-03 -1.012135940539131140e-01 1.660224499999999881e-01 -9.978364015729714390e-03 9.967881095512393097e-01 -7.946003340570732820e-02 -1.531158399999999961e-02 1.007382686815101736e-01 8.006178709720578046e-02 9.916863977436887190e-01 7.147082089999999832e-01
9.954892461067306186e-01 2.982399927251502738e-03 -9.482756021604103747e-02 1.652631760000000116e-01 -1.061803005115605214e-02 9.967287496768811872e-01 -8.011901775105403911e-02 -1.584612599999999857e-02 9.427840857633155991e-02 8.076450246386029930e-02 9.922644188007948562e-01 7.214255929999999761e-01
9.960703542879629779e-01 3.485001109839571190e-03 -8.849691562939537848e-02 1.645419899999999991e-01 -1.069748531918399310e-02 9.966439222019827238e-01 -8.115698457738644567e-02 -1.643246400000000079e-02 8.791708091433511618e-02 8.178476083667858554e-02 9.927647454348837996e-01 7.280877829999999884e-01
9.962100825347600663e-01 4.959967230885575437e-03 -8.683818388908817743e-02 1.643823829999999930e-01 -1.228250960797217482e-02 9.963905511859139086e-01 -8.399410375235083492e-02 -1.680823000000000039e-02 8.610813790703306103e-02 8.474236385951919304e-02 9.926752340789429807e-01 7.348842020000000419e-01
9.970850800017849735e-01 3.148293570511437496e-03 -7.623274549318082016e-02 1.631349029999999978e-01 -9.338245782630660158e-03 9.966721069021692303e-01 -8.097844459418870877e-02 -1.762444499999999900e-02 7.572410714915947527e-02 8.145427902071680770e-02 9.937962869852542402e-01 7.415843610000000252e-01
9.974218954852732688e-01 -3.432079000254216992e-04 -7.175963081637243279e-02 1.626299619999999890e-01 -5.430205177885094256e-03 9.967604349196542701e-01 -8.024430353930277204e-02 -1.826605599999999927e-02 7.155470130110794247e-02 8.042709485688918913e-02 9.941888186529710403e-01 7.483826279999999942e-01
9.976477862780832595e-01 -2.109729881346642227e-03 -6.851600962014417484e-02 1.621620209999999895e-01 -3.524120825162399290e-03 9.966259424697199165e-01 -8.200189856797392152e-02 -1.877776899999999971e-02 6.845783451767659122e-02 8.205047127329849477e-02 9.942742303092140244e-01 7.550458909999999690e-01
9.979044860804995309e-01 6.372041002323568584e-04 -6.470108678645665468e-02 1.616701190000000010e-01 -5.975278304837404117e-03 9.965860763254346111e-01 -8.234372182173137211e-02 -1.928761999999999838e-02 6.442773245733306176e-02 8.255777640664498096e-02 9.945015238023502402e-01 7.619522810000000090e-01
9.981858948549393595e-01 2.208197785789784654e-03 -6.016679462280375562e-02 1.612296699999999916e-01 -7.133320112805416335e-03 9.966259801360197734e-01 -8.176656689678285517e-02 -1.993148000000000142e-02 5.978323391062129871e-02 8.204742275328733014e-02 9.948337475994324386e-01 7.689396739999999619e-01
9.982804327067340555e-01 3.060544874406529066e-03 -5.853896770466163885e-02 1.608735169999999937e-01 -7.928522012562496529e-03 9.965090469459616518e-01 -8.310750804558755811e-02 -2.052614800000000100e-02 5.808025665879918559e-02 8.342872658696662280e-02 9.948197481787970364e-01 7.755650280000000452e-01
9.985396207885053332e-01 3.463868705314625870e-03 -5.391314616251246389e-02 1.604408029999999930e-01 -8.006097146344547805e-03 9.964112537600873232e-01 -8.426455831922516349e-02 -2.112677699999999936e-02 5.342778419541076990e-02 8.457313399563212708e-02 9.949838475483536726e-01 7.824455500000000452e-01
9.987751650690768201e-01 4.831005410343338496e-03 -4.924257332800261594e-02 1.600565310000000019e-01 -8.940784262539695076e-03 9.964605643438498861e-01 -8.358472398893868061e-02 -2.178477900000000064e-02 4.866448415435228186e-02 8.392261372396342400e-02 9.952832576144990950e-01 7.891632320000000478e-01
9.990004173121652675e-01 4.214529578627724572e-03 -4.450172974784598334e-02 1.596965340000000011e-01 -7.954331103596837954e-03 9.964173076639855076e-01 -8.419784797931977038e-02 -2.239921699999999904e-02 4.398743942097334270e-02 8.446766676122387241e-02 9.954548299371001052e-01 7.959816459999999871e-01
9.991861872618836848e-01 4.197839142817126265e-03 -4.011659670997816396e-02 1.594204459999999934e-01 -7.590591662980730042e-03 9.963692298972590677e-01 -8.479823484099680009e-02 -2.304485400000000003e-02 3.961497322056252435e-02 8.503373366184732718e-02 9.955902360089015080e-01 8.027899859999999554e-01
9.993557503673449194e-01 5.015656010864977601e-03 -3.553768988695790026e-02 1.591619400000000017e-01 -8.028005063551823042e-03 9.963369668413381008e-01 -8.513635909587628781e-02 -2.368839099999999961e-02 3.498049945927734355e-02 8.536680678216261586e-02 9.957353428283021168e-01 8.096479180000000220e-01
9.995061957583969425e-01 5.175923317017962037e-03 -3.099313566571807593e-02 1.588472720000000116e-01 -7.775099914478239387e-03 9.964067700118824922e-01 -8.433917533274420952e-02 -2.427564600000000142e-02 3.044523709707541020e-02 8.453850301669552092e-02 9.959549834434280324e-01 8.163480159999999541e-01
9.996315600260921030e-01 4.525958464098130650e-03 -2.676303233534383166e-02 1.586590109999999887e-01 -6.754224142755918710e-03 9.964627045986320653e-01 -8.376430504820440992e-02 -2.496671300000000149e-02 2.628924981871514147e-02 8.391420644897078229e-02 9.961261372436769346e-01 8.231495620000000013e-01
9.997418332305755273e-01 3.887599934519812925e-03 -2.238645696659713122e-02 1.584132910000000116e-01 -5.772848764066819925e-03 9.963833718567018938e-01 -8.477529418773228909e-02 -2.554143999999999859e-02 2.197592104816987676e-02 8.488264165433627439e-02 9.961485813069584916e-01 8.300588730000000304e-01
9.998202021691088293e-01 2.391041355217074938e-03 -1.881080157143419709e-02 1.582611499999999893e-01 -4.009605487860808462e-03 9.962452279516579301e-01 -8.648334433508418628e-02 -2.611576399999999964e-02 1.853338604664420478e-02 8.654321871057642224e-02 9.960756923531761675e-01 8.368245359999999522e-01
9.998847805064883243e-01 3.500259168635458384e-03 -1.477071079007647933e-02 1.581231060000000133e-01 -4.776319958603936905e-03 9.961740615007237398e-01 -8.726067820505009620e-02 -2.688236199999999992e-02 1.440876397005447576e-02 8.732117371465322742e-02 9.960760011876355069e-01 8.439046740000000213e-01
9.999327480924420364e-01 2.378913538643418792e-03 -1.135077365964638589e-02 1.580156090000000013e-01 -3.369621883962093355e-03 9.961079822662574079e-01 -8.807686026309279048e-02 -2.757688200000000048e-02 1.109706901195026997e-02 8.810918474155181312e-02 9.960490081434362208e-01 8.509365319999999677e-01
9.999656859689416422e-01 3.184624710062239957e-03 -7.647551903724922849e-03 1.578963700000000081e-01 -3.854704013205155749e-03 9.960001434709055967e-01 -8.926844606525984049e-02 -2.819419999999999912e-02 7.332676294142934613e-03 8.929486195404350013e-02 9.959782424766987496e-01 8.578294520000000478e-01
9.999882389039883579e-01 2.673225836950148069e-03 -4.046716857476481861e-03 1.578121630000000053e-01 -3.023639979067746422e-03 9.960072658232883569e-01 -8.922098423854397942e-02 -2.889767999999999851e-02 3.792051552511562819e-03 8.923217071685633772e-02 9.960036345587203188e-01 8.646981120000000187e-01
9.999944443391809434e-01 3.333284726361273372e-03 -2.244339022242596146e-05 1.577682350000000067e-01 -3.321991729687976107e-03 9.960057360400268456e-01 -8.922745175287850883e-02 -2.955527200000000049e-02 -2.750667567022864685e-04 8.922703059217752808e-02 9.960112757142771667e-01 8.715634939999999942e-01
9.999897625002945878e-01 1.675944845638533765e-03 4.203106408225526155e-03 1.577550020000000053e-01 -1.293742335287133413e-03 9.960002018497526866e-01 -8.934161486128296137e-02 -3.023761100000000104e-02 -4.336026449916402514e-03 8.933526248982710805e-02 9.959921735387781139e-01 8.787088389999999638e-01
9.999730050828603556e-01 -4.912219490407130056e-04 7.331289555772000852e-03 1.578240099999999868e-01 1.140098537807329249e-03 9.960516593798870444e-01 -8.876819262493532148e-02 -3.092570999999999862e-02 -7.258738242827094192e-03 8.877415472743355185e-02 9.960253310893011358e-01 8.855907320000000471e-01
9.999504121673803425e-01 -6.675485273891730359e-04 9.936175584690285986e-03 1.578848660000000126e-01 1.534234794662614563e-03 9.961655077158174665e-01 -8.747529571760563616e-02 -3.162306499999999881e-02 -9.839681391237286787e-03 8.748620243359113424e-02 9.961171342035372023e-01 8.926070929999999626e-01
9.999119301782584124e-01 -8.168323410658096841e-04 1.324630786733921838e-02 1.579640509999999942e-01 1.971247973810897995e-03 9.961737309471833113e-01 -8.737283303289751502e-02 -3.232148299999999808e-02 -1.312425497373052342e-02 8.739124988061121313e-02 9.960876082833723943e-01 8.997584579999999832e-01
9.998690444678663969e-01 -3.272841288719281630e-04 1.617982694637912916e-02 1.580415069999999977e-01 1.760500912174865502e-03 9.960616479032950998e-01 -8.864589224950256141e-02 -3.298939800000000311e-02 -1.608709269737758352e-02 8.866276817960949685e-02 9.959317843041635143e-01 9.068772200000000394e-01
9.998157149343146477e-01 7.004391898304710784e-04 1.918451342428365014e-02 1.581573639999999947e-01 1.045801477609753028e-03 9.958629111770278541e-01 -9.086235987076636544e-02 -3.368870200000000092e-02 -1.916878894595584748e-02 9.086567848729561192e-02 9.956786559946882997e-01 9.139737489999999465e-01
9.997426442631033305e-01 1.205070291427078793e-03 2.265376453066498055e-02 1.582792849999999918e-01 9.039635224002477666e-04 9.956789076179445308e-01 -9.285847174429934237e-02 -3.439111300000000093e-02 -2.266777650693302046e-02 9.285505226065723927e-02 9.954215745993766351e-01 9.210889939999999942e-01
9.996569497238976254e-01 2.425534011414317431e-03 2.607872031891877301e-02 1.584475190000000089e-01 3.884209014569351380e-05 9.955642136219762239e-01 -9.408451013077635816e-02 -3.512133700000000247e-02 -2.619124586584127556e-02 9.405324736560453924e-02 9.952225908308047764e-01 9.282720089999999535e-01
9.995581432609337291e-01 3.714486652926179185e-03 2.949102964733172141e-02 1.585968429999999874e-01 -8.802308427266875533e-04 9.954249491779497694e-01 -9.554263837543743032e-02 -3.585902199999999734e-02 -2.971099854293150419e-02 9.547446330292373717e-02 9.949883835616376571e-01 9.353867769999999471e-01
9.994278696168583664e-01 3.202023904422657448e-03 3.367017190368166990e-02 1.587951930000000011e-01 3.012937052976187059e-05 9.954237818363944612e-01 -9.555884912843527756e-02 -3.660966499999999957e-02 -3.382207157063268910e-02 9.550519146855594721e-02 9.948541731717395198e-01 9.425970320000000013e-01
9.992913126689515479e-01 3.305168282270923470e-03 3.749597694406097553e-02 1.589791030000000105e-01 2.543672066386908851e-04 9.955218304003532470e-01 -9.453158463526521726e-02 -3.738113500000000283e-02 -3.764050639521031999e-02 9.447412904576572845e-02 9.948154759649430190e-01 9.497675899999999949e-01
9.991294981881166937e-01 3.499214433258817335e-03 4.156923560413474522e-02 1.592526579999999914e-01 4.276203833939813594e-04 9.955643045170345928e-01 -9.408258453253144638e-02 -3.810509699999999750e-02 -4.171406227124969252e-02 9.401846132469564299e-02 9.946961676506886896e-01 9.570870400000000000e-01
9.989462661787250619e-01 3.711507072970894258e-03 4.574474836340326755e-02 1.595728989999999903e-01 5.991299770031635955e-04 9.955851884247081118e-01 -9.386039437701670929e-02 -3.885662200000000038e-02 -4.589115743642183110e-02 9.378889755501843006e-02 9.945338829645573586e-01 9.643284680000000497e-01
9.987538081747037166e-01 4.548161966039784843e-03 4.970055210214265051e-02 1.598523709999999931e-01 1.658222063764540517e-04 9.955310531483776426e-01 -9.443460552296474575e-02 -3.956913599999999781e-02 -4.990794685741940795e-02 9.432516334474465303e-02 9.942896763018632678e-01 9.715697770000000233e-01
9.985396032840699876e-01 5.902607694973513452e-03 5.370120944346921249e-02 1.602202799999999927e-01 -7.585653383808403823e-04 9.954473237798411311e-01 -9.531028359090862323e-02 -4.033253299999999680e-02 -5.401930443757597261e-02 9.513035688964516234e-02 9.939980532909152844e-01 9.788425560000000303e-01
9.983488834180952454e-01 6.625485630805305962e-03 5.705795227659758023e-02 1.605790260000000136e-01 -1.059949057083303062e-03 9.952814212972058705e-01 -9.702457899218282222e-02 -4.095906800000000125e-02 -5.743155479210782649e-02 9.680390157824182717e-02 9.936451183160873724e-01 9.861385820000000413e-01
9.981603908208572795e-01 5.144426662842383098e-03 6.041000803396778113e-02 1.609849180000000046e-01 6.922397689614560173e-04 9.953616422605784386e-01 -9.620146527172215856e-02 -4.186004399999999903e-02 -6.062470618861327126e-02 9.606631038316570947e-02 9.935270046701848434e-01 9.933042530000000259e-01
9.980064377539292764e-01 3.562212673775106385e-03 6.301159292209082552e-02 1.614285709999999929e-01 2.490122644992842985e-03 9.954058919944359651e-01 -9.571264008465217576e-02 -4.264901200000000003e-02 -6.306305963815411753e-02 9.567873757334001417e-02 9.934126180421942731e-01 1.000657439000000037e+00
9.978399978061022191e-01 2.598111162042000648e-03 6.563984001128835011e-02 1.619673670000000010e-01 3.627919665866086510e-03 9.955130837125629739e-01 -9.455442007649059177e-02 -4.337183399999999800e-02 -6.559098243825807473e-02 9.458831838812389869e-02 9.933533475291110859e-01 1.007892369999999982e+00
9.976547367359238638e-01 1.332037720611605434e-03 6.843428924074063113e-02 1.623873560000000105e-01 5.154905056720266061e-03 9.955089755892302383e-01 -9.452675005064761771e-02 -4.416640100000000096e-02 -6.825286237390107424e-02 9.465783219994147735e-02 9.931673784317410769e-01 1.015194297000000079e+00
9.974734984170010588e-01 2.052328839479424308e-03 7.100991411122506425e-02 1.629557010000000083e-01 4.758891096301608517e-03 9.954068023641466922e-01 -9.561720955308279646e-02 -4.488236799999999888e-02 -7.087998949832358120e-02 9.571356096979803663e-02 9.928821386928048387e-01 1.022427439999999965e+00
9.972454112585900088e-01 2.158553762445105436e-03 7.414128653685726766e-02 1.634420159999999955e-01 4.994656295346892871e-03 9.953533638591480770e-01 -9.615994209009144644e-02 -4.562050499999999870e-02 -7.400434536010090658e-02 9.626537123978186339e-02 9.926007934551985823e-01 1.029665709000000096e+00
9.970310002633543389e-01 2.700947049178081729e-03 7.695381341358396854e-02 1.639859830000000018e-01 4.835110983586066863e-03 9.952164113936596834e-01 -9.757518226732861399e-02 -4.640373999999999888e-02 -7.684924342914227491e-02 9.765756180533860520e-02 9.922485547515828008e-01 1.036896467000000044e+00
9.967505080085899971e-01 2.495557776665793988e-03 8.051209211044689507e-02 1.643820109999999945e-01 5.476560357619197385e-03 9.951076209407676565e-01 -9.864496962468370655e-02 -4.716694700000000073e-02 -8.036437065806660562e-02 9.876535291785647208e-02 9.918603596231397868e-01 1.044050335999999968e+00
9.965698778110729794e-01 5.725830672626192053e-03 8.255721351118504303e-02 1.651135390000000036e-01 2.536275577336731535e-03 9.950216536958749192e-01 -9.962668308501503034e-02 -4.796941999999999873e-02 -8.271666063024295246e-02 9.949433923311730432e-02 9.915940855585749780e-01 1.051515817999999935e+00
9.962597739873253477e-01 4.651892437820108646e-03 8.628338560505380284e-02 1.656253779999999898e-01 4.086901867833714168e-03 9.948954993893558418e-01 -1.008277864872914042e-01 -4.867162600000000255e-02 -8.631199202802672388e-02 1.008032995072635496e-01 9.911553535347538135e-01 1.058694481999999937e+00
9.959962917296213414e-01 2.967859249126237643e-03 8.934527784007501028e-02 1.661523729999999921e-01 5.987763455426799684e-03 9.949893662301826369e-01 -9.980134156243229693e-02 -4.942945800000000250e-02 -8.919379770838709032e-02 9.993674449538965388e-02 9.909879482365153702e-01 1.066090345000000106e+00
9.958782668879763156e-01 2.290747555092657265e-03 9.067099875836485967e-02 1.670742179999999966e-01 6.679740869891141741e-03 9.951139005404884275e-01 -9.850739065169737685e-02 -5.027752700000000241e-02 -9.045362680463216176e-02 9.870702825398931790e-02 9.909970050263292585e-01 1.073369145000000024e+00
9.954335957197498752e-01 3.308466560336620777e-03 9.539921677597075489e-02 1.674984399999999984e-01 6.134291565825501086e-03 9.951163113529494231e-01 -9.851851270845124464e-02 -5.103857400000000322e-02 -9.525926190893442558e-02 9.865384396119070143e-02 9.905519128709237009e-01 1.080743908999999947e+00
9.950829248525275839e-01 4.975501194014299647e-03 9.892025603892876107e-02 1.680525840000000048e-01 4.878293548666153001e-03 9.950632584053925589e-01 -9.912272203534328030e-02 -5.189172200000000124e-02 -9.892509751823297393e-02 9.911789020914058002e-02 9.901461856319484500e-01 1.088031650000000017e+00
9.947240451294148134e-01 6.191159348892425265e-03 1.023999198597858873e-01 1.689266120000000038e-01 4.030868374119022171e-03 9.950476339499312317e-01 -9.931746206379861441e-02 -5.262885199999999680e-02 -1.025076882069070883e-01 9.920622821456408225e-02 9.897728517907102841e-01 1.095408796999999934e+00
9.943509378287138656e-01 7.099598525903080132e-03 1.059047125482530244e-01 1.696592570000000078e-01 3.490042045123863471e-03 9.950341316560092908e-01 -9.947309408123773677e-02 -5.335855899999999985e-02 -1.060850227208364055e-01 9.928077628797278564e-02 9.893883440863738832e-01 1.102639198000000098e+00
9.939220160008657157e-01 7.401654717580535489e-03 1.098373416294137206e-01 1.704360689999999956e-01 3.591596096267482118e-03 9.950258089049592858e-01 -9.955269986551258665e-02 -5.423136800000000202e-02 -1.100278444133852007e-01 9.934211151607998114e-02 9.889514742055196539e-01 1.110000252999999937e+00
9.934516858038215936e-01 7.653226710967898222e-03 1.139963863219161377e-01 1.712166069999999929e-01 3.728558631858492484e-03 9.950508604828791626e-01 -9.929694306880994248e-02 -5.503228699999999918e-02 -1.141921443185730523e-01 9.907175769709659907e-02 9.885064193027448542e-01 1.117210150000000013e+00
9.929391383292059947e-01 9.193657330068015499e-03 1.182681032187095221e-01 1.720410589999999962e-01 2.646094902232515138e-03 9.950275504145958960e-01 -9.956491398930304715e-02 -5.581244099999999736e-02 -1.185953867392084554e-01 9.917484852938381057e-02 9.879774712326954145e-01 1.124622463999999988e+00
9.923077672213282963e-01 9.504091962141514999e-03 1.234300099173505916e-01 1.726536599999999866e-01 2.925399404523059115e-03 9.949699518896232275e-01 -1.001310984414175570e-01 -5.661583700000000219e-02 -1.237608061970595086e-01 9.972194880133457284e-02 9.872886081469379738e-01 1.132074237000000094e+00
9.918832548164780993e-01 9.657706579777857944e-03 1.267846107313051196e-01 1.737312669999999948e-01 3.151983851018456354e-03 9.949373546233647447e-01 -1.004476250235114970e-01 -5.748536099999999871e-02 -1.271128388970703960e-01 1.000319402924884221e-01 9.868312607071421105e-01 1.139206289999999955e+00
9.914102129246182837e-01 9.354021337890008198e-03 1.304541758380056427e-01 1.746458860000000002e-01 3.886369013249174088e-03 9.948917812929537474e-01 -1.008723929111740303e-01 -5.825744199999999956e-02 -1.307313498922727801e-01 1.005129136009085822e-01 9.863095195499232970e-01 1.146394848999999994e+00
9.908213636568155014e-01 9.421476002980738729e-03 1.348490308128822979e-01 1.755600270000000074e-01 4.336096230246852187e-03 9.948397154847095081e-01 -1.013663591325263541e-01 -5.902720999999999663e-02 -1.351081921673532582e-01 1.010206725587764337e-01 9.856675910899383997e-01 1.153809427999999970e+00
9.902584184805323098e-01 1.103687829450311284e-02 1.388036452905590523e-01 1.765124050000000111e-01 3.203241264714212257e-03 9.947841333443917522e-01 -1.019522794823516793e-01 -5.989235999999999865e-02 -1.392048988859050374e-01 1.014037246049662583e-01 9.850580088311576832e-01 1.161136984999999955e+00
9.896214683017819924e-01 1.012277261407827991e-02 1.433418255458907276e-01 1.774285140000000094e-01 4.650344904094404208e-03 9.947371890947159789e-01 -1.023537929156324577e-01 -6.066313000000000261e-02 -1.436235487950978940e-01 1.019580997593956539e-01 9.843662032622590985e-01 1.168417572999999932e+00
9.889659762564266821e-01 9.995797521431488974e-03 1.478052158723887621e-01 1.783801170000000047e-01 5.298706016844309183e-03 9.946958714061359119e-01 -1.027231576721382711e-01 -6.147616699999999823e-02 -1.480480378854105439e-01 1.023728842980330678e-01 9.836674087509363895e-01 1.175674080999999926e+00
9.884734627503637405e-01 8.268908007696378418e-03 1.511682459998311134e-01 1.794353720000000096e-01 7.485325701842700415e-03 9.946167459064714222e-01 -1.033513360414801963e-01 -6.228548300000000260e-02 -1.512090716109405208e-01 1.032915965738834263e-01 9.830903634660324020e-01 1.183011889000000094e+00
9.877408180942700566e-01 5.865813186579875785e-03 1.559925270842236755e-01 1.801926050000000057e-01 1.063361116840570546e-02 9.944442607126667832e-01 -1.047260170595482598e-01 -6.303996600000000283e-02 -1.557401765248173642e-01 1.051009256443433126e-01 9.821908128488685552e-01 1.189964889999999942e+00
9.872965640636995888e-01 4.422980881575832267e-03 1.588267352435801250e-01 1.814942059999999913e-01 1.240259378041946164e-02 9.944171155863280598e-01 -1.047891974226599354e-01 -6.392643600000000315e-02 -1.584035045557104782e-01 1.054278780450811914e-01 9.817297450293438477e-01 1.197702645999999982e+00
9.869846839251923409e-01 2.700624676249506473e-03 1.607916052642245630e-01 1.828818919999999904e-01 1.441354403475784973e-02 9.943492335303679708e-01 -1.051753370611563099e-01 -6.496702899999999559e-02 -1.601670485631993823e-01 1.061240236889262334e-01 9.813685383945350837e-01 1.205025076999999945e+00
