9.980280430841870221e-01 4.780551811528442607e-03 -6.258731134923030404e-02 -9.156760000000000455e-01 -5.194476584772088346e-03 9.999656906490519415e-01 -6.452514066224859270e-03 -1.980190000000000006e-01 6.255431744139212935e-02 6.764898309795003110e-03 9.980186338542480495e-01 1.869983399999999918e+01
9.982052079329073457e-01 2.897263706079706170e-03 -5.981612423618558327e-02 -1.353553999999999924e+00 -2.772185652418459895e-03 9.999937945062835620e-01 2.173921717387490658e-03 -2.440789999999999904e-01 5.982205147209414264e-02 -2.004198578543809218e-03 9.982070453296389978e-01 2.522405200000000036e+01
9.980166842897310042e-01 -1.575311245550081382e-02 -6.094700425202074362e-02 -1.719322999999999935e+00 1.574725856695103135e-02 9.998758380983390204e-01 -5.763981001341568185e-04 -3.104450000000000265e-01 6.094851702016281653e-02 -3.844933141108430961e-04 9.981408369753911325e-01 3.191194700000000140e+01
9.975692585643309851e-01 -6.322186775621147642e-03 -6.939455541888718548e-02 -2.431347000000000147e+00 6.769781080584650820e-03 9.999577604039487921e-01 6.216709100475989458e-03 -3.956189999999999984e-01 6.935232102483522565e-02 -6.671383836442328075e-03 9.975699214622376632e-01 4.195307799999999787e+01
9.972587014323486265e-01 -5.158536344066108094e-03 -7.381376511364796944e-02 -3.033344000000000040e+00 5.226341705519973839e-03 9.999860794206681947e-01 7.254772623294867802e-04 -4.593050000000000188e-01 7.380899518245041813e-02 -1.109264471604312890e-03 9.972717792871154119e-01 4.978923799999999744e+01
9.968229253079023966e-01 -1.945775491468044668e-02 -7.723633441765746788e-02 -3.619826000000000210e+00 2.064117450107863863e-02 9.996810200364478760e-01 1.455335336282041064e-02 -5.435539999999999816e-01 7.692852199159951054e-02 -1.610136492870477623e-02 9.969065896821129868e-01 5.740927599999999842e+01
9.954285483904490306e-01 5.609716473789625422e-03 -9.534430308291730327e-02 -4.691050999999999860e+00 -4.366653004676437043e-03 9.999027957664260446e-01 1.324127486391540008e-02 -6.654280000000000195e-01 9.540931501074856325e-02 -1.276440752909044525e-02 9.953562842066207006e-01 6.935192000000000689e+01
9.998747179938027863e-01 1.781086361267411036e-03 1.572819278198121090e-02 -5.566240999999999772e+00 -1.862788314959029331e-03 9.999848409407802174e-01 5.181496727417396995e-03 -8.968690000000000273e-01 -1.571872566422325562e-02 -5.210145872841979477e-03 9.998628786206019692e-01 8.071525300000000414e+01
9.527267745663510201e-01 8.538442103510578401e-04 3.038271942642093992e-01 -4.892714999999999925e+00 -2.948384980104636413e-03 9.999749474324196585e-01 6.435179371117961955e-03 -9.290239999999999609e-01 -3.038140879722437959e-01 -7.026767222117064060e-03 9.527054237758908473e-01 8.372745899999999608e+01
7.267559286205281799e-01 -1.366579254565445257e-03 6.868944261500848913e-01 -3.227018000000000164e+00 -2.143372577876930495e-03 9.999886408784646186e-01 4.257237136178741548e-03 -9.533660000000000467e-01 -6.868924414847683568e-01 -4.566243005167982573e-03 7.267447442231087518e-01 8.590449800000000380e+01
4.087673005635928947e-01 -2.047130889201134469e-03 9.126363477558163684e-01 -9.057079999999999576e-01 6.577240208002436278e-03 9.999781226955628544e-01 -7.028808605589994055e-04 -9.735200000000000520e-01 -9.126149428434751076e-01 6.289943193732568279e-03 4.087718223085100577e-01 8.705167099999999891e+01
2.149208115033015565e-01 4.519355327419927182e-03 9.766210217941179161e-01 1.346465999999999941e+00 7.833286548277227507e-03 9.999491499960062590e-01 -6.351145102818299762e-03 -1.005889000000000033e+00 -9.766000636927149037e-01 9.015145572257552559e-03 2.148744813738850956e-01 8.760922100000000512e+01
9.222455770182169665e-02 9.116519312203804487e-03 9.956964999598693078e-01 4.430780999999999636e+00 2.285707928961553878e-02 9.996752172857218399e-01 -1.127004308301712832e-02 -1.050437000000000065e+00 -9.954758585134307891e-01 2.379808858658713500e-02 9.198622775488385361e-02 8.792288899999999785e+01
3.284735692271917307e-02 9.506814649176704296e-03 9.994151647930989979e-01 1.019253499999999946e+01 4.365821467660427335e-02 9.989866507819867847e-01 -1.093763459987149439e-02 -1.149890000000000079e+00 -9.985063902822267634e-01 4.399195420318322003e-02 3.239902052442333868e-02 8.815271900000000471e+01
6.857745212385590872e-02 1.456082764091287153e-02 9.975395307247788557e-01 2.007966499999999854e+01 4.093500049822786785e-02 9.990103551230988810e-01 -1.739643903303087630e-02 -1.314543000000000017e+00 -9.968056273890163466e-01 4.202728465213406706e-02 6.791353731295524110e-02 8.868346800000000485e+01
5.789406862482864707e-02 7.605563364503172517e-03 9.982937604853453495e-01 2.822841299999999976e+01 2.074487052658676237e-02 9.997458994748457117e-01 -8.819684238492050271e-03 -1.526264999999999983e+00 -9.981071721838786770e-01 2.122008221332048403e-02 5.772158128430937563e-02 8.926110099999999647e+01
-7.430784275927178849e-03 4.234876886557983541e-03 9.999634239624967114e-01 3.385999400000000037e+01 1.995478807716428299e-02 9.997925345367195682e-01 -4.085868015251282320e-03 -1.638033000000000072e+00 -9.997732692355000284e-01 1.992369700628596543e-02 -7.513748715628931762e-03 8.942586599999999919e+01
-7.004946791286498220e-02 8.221893644336314422e-03 9.975096352968354507e-01 3.851871599999999773e+01 2.098006823428733708e-02 9.997569919828755980e-01 -6.767105602612701748e-03 -1.727618000000000098e+00 -9.973228708808442589e-01 2.045378806611349715e-02 -7.020494122024012462e-02 8.924328500000000020e+01
-4.922163437816215459e-02 7.309385954328851895e-03 9.987611343990681068e-01 4.841769099999999781e+01 3.387648261621173384e-02 9.994100871468031277e-01 -5.644611126807721341e-03 -1.912500000000000089e+00 -9.982132110099004585e-01 3.355667722212730963e-02 -4.944021418960409253e-02 8.830632199999999443e+01
2.839284002605252932e-01 -2.071243184360901934e-03 9.588432476047220598e-01 5.290746000000000038e+01 1.742678412910811034e-02 9.998436397777844542e-01 -3.000531757754930709e-03 -2.057259000000000171e+00 -9.586871078305040372e-01 1.756149047157070514e-02 2.839201002606199786e-01 8.901336600000000487e+01
6.778029115668571247e-01 1.611410920792352014e-02 7.350670367768686875e-01 5.556644299999999959e+01 1.301892242533268795e-02 9.993400175093534177e-01 -3.391219637959951710e-02 -2.112715000000000121e+00 -7.351283702390859487e-01 3.255556617293680483e-02 6.771457851753823753e-01 9.093947500000000161e+01
9.258616871890951172e-01 -1.304258694207399445e-03 3.778603380941439327e-01 5.710626899999999750e+01 2.554170086322466674e-03 9.999927991631927249e-01 -2.806748462636503294e-03 -2.236534999999999940e+00 -3.778539564574285303e-01 3.563780439499788025e-03 9.258583515087212001e-01 9.388431300000000590e+01
9.765664841044379152e-01 2.193200808887604131e-02 2.140955140704401127e-01 5.853620399999999790e+01 -1.670077762998159465e-02 9.995168760343673409e-01 -2.621256471719564732e-02 -2.324221000000000092e+00 -2.145669735780659504e-01 2.202275059316477837e-02 9.764609630220046910e-01 1.005282509999999974e+02
9.734804112844904767e-01 9.373690749621035878e-03 2.285782639865605315e-01 6.053236900000000276e+01 -7.910473665993879300e-03 9.999419429307117024e-01 -7.316773491985126623e-03 -2.514845999999999915e+00 -2.286335785744493532e-01 5.314573330368855056e-03 9.734980441986297306e-01 1.088798199999999952e+02
9.777876836112029402e-01 2.214124169425616198e-02 2.084250733344591155e-01 6.266565599999999847e+01 -1.903901011441655119e-02 9.996762587841955261e-01 -1.687879489469941083e-02 -2.731872000000000078e+00 -2.087313150250849902e-01 1.253567068292395573e-02 9.778926807622746464e-01 1.190546379999999971e+02
9.745304157220296970e-01 1.259615125175453029e-02 2.239013305147847244e-01 6.532321199999999806e+01 -7.071894748995593422e-03 9.996508900190110847e-01 -2.545754090359458183e-02 -3.045145000000000213e+00 -2.241438313612647004e-01 2.322574127647997200e-02 9.742792760830186749e-01 1.307641910000000109e+02
9.796132293171125882e-01 2.457158541704319160e-02 1.993844480820685661e-01 6.730812099999999987e+01 -2.133908720818990246e-02 9.996039650603858462e-01 -1.834547335655961273e-02 -3.326052999999999926e+00 -1.997562622398091903e-01 1.371678627259033736e-02 9.797496034550524646e-01 1.404657390000000134e+02
9.857248246414719306e-01 4.857243709980385050e-03 1.682943173998498743e-01 6.845485299999999995e+01 -5.134905711336961061e-03 9.999860785206955427e-01 1.214704958871664622e-03 -3.487821999999999978e+00 -1.682860743759721778e-01 -2.061540284176942121e-03 9.857360433821934498e-01 1.468048980000000086e+02
9.951357197930916776e-01 2.328850618884750756e-02 9.572118193679628184e-02 6.947380599999999617e+01 -2.149098777009806477e-02 9.995736094338204536e-01 -1.976706270819402270e-02 -3.660250000000000004e+00 -9.614071269004999254e-02 1.761376742597082004e-02 9.952118963117920769e-01 1.548313850000000116e+02
9.983363949973255158e-01 4.049173860474188091e-02 4.104706479773175681e-02 6.992110200000000475e+01 -4.073812779899554926e-02 9.991564113102656686e-01 5.183693762533377221e-03 -3.845552000000000081e+00 -4.080254118528207213e-02 -6.847250715161343378e-03 9.991437673280392229e-01 1.639481600000000014e+02
9.993865725013593160e-01 -1.876593859052593308e-02 -2.956887303909174619e-02 6.991659199999999430e+01 1.818260245280077167e-02 9.996371236524973503e-01 -1.987495871203566813e-02 -3.981133999999999951e+00 2.993111544912285121e-02 1.932512780238021186e-02 9.993651323532320996e-01 1.731174149999999941e+02
9.984741269335297709e-01 1.171051121887697367e-02 -5.396556097473791808e-02 6.957964699999999425e+01 -1.254349619310710616e-02 9.998069634798477656e-01 -1.512271405733416930e-02 -4.054325000000000401e+00 5.377804893801100411e-02 1.577655552390766491e-02 9.984282757154977483e-01 1.781807320000000061e+02
9.975889838101154039e-01 -1.088884001016905863e-02 -6.853942328276538265e-02 6.904887499999999534e+01 1.018216402971969074e-02 9.998914293523343266e-01 -1.065143386673965062e-02 -4.239425999999999917e+00 6.864796367244277442e-02 9.927873436873950463e-03 9.975915468831160204e-01 1.866873889999999960e+02
9.973393755171983122e-01 8.006977104225350764e-03 -7.245728645634851028e-02 6.848228899999999442e+01 -8.601827512923097482e-03 9.999317862913157384e-01 -7.901349738905300013e-03 -4.419888000000000261e+00 7.238907794966621678e-02 8.503592294494759229e-03 9.973402179355278507e-01 1.933772240000000124e+02
9.967378260800204837e-01 -5.724571992724377008e-04 -8.070550386454311553e-02 6.805849600000000521e+01 3.787657865237880847e-04 9.999970115075814681e-01 -2.415266524602740269e-03 -4.553628999999999927e+00 8.070664531346685711e-02 2.376819021488329412e-03 9.967350641637853226e-01 1.989034609999999930e+02
9.997989925035178915e-01 7.092001745605390484e-03 -1.875308241838975765e-02 6.756671400000000460e+01 -7.558116274023149797e-03 9.996613146748322132e-01 -2.490242600580418533e-02 -4.812918999999999947e+00 1.857012297587001121e-02 2.503915840891095604e-02 9.995139774304482305e-01 2.076895480000000020e+02
9.999595874778801630e-01 3.223158804195970506e-03 -8.392535873654509426e-03 6.750426299999999458e+01 -3.420313312108490440e-03 9.997160020025536165e-01 -2.358424891483864097e-02 -5.020538000000000167e+00 8.314136630742683526e-03 2.361200091802869924e-02 9.996866251704742412e-01 2.161534640000000138e+02
9.994143710212460840e-01 -9.786061442969297072e-03 -3.278944948670887288e-02 6.737991200000000447e+01 9.462895854634100282e-03 9.999052571716049442e-01 -9.996513523763522410e-03 -5.077790000000000248e+00 3.288416941708200564e-02 9.680376130133989607e-03 9.994122881572587991e-01 2.209205949999999916e+02
9.980932249145330060e-01 -4.568609483998157389e-02 -4.150536252075828769e-02 6.720975400000000377e+01 4.574625823150870602e-02 9.989529665754547372e-01 5.004277315242621838e-04 -5.165479000000000376e+00 4.143904243009821631e-02 -2.398188560260707067e-03 9.991381558393743756e-01 2.265025500000000136e+02
9.918700026036442186e-01 -7.152483356687100446e-02 -1.052525349731692067e-01 6.672778599999999471e+01 7.080812023636195995e-02 9.974343168086790001e-01 -1.053535765869807739e-02 -5.356339000000000183e+00 1.057360300164504469e-01 2.996971076801129008e-03 9.943897174250773130e-01 2.364538440000000037e+02
9.070235338206362741e-01 -4.677929065125217140e-02 -4.184734245584667556e-01 6.546411299999999756e+01 3.803308382207518795e-02 9.988491228876259509e-01 -2.922181105960515793e-02 -5.529296000000000433e+00 4.193587886649188801e-01 1.058903549837899097e-02 9.077588218776537765e-01 2.404899409999999875e+02
6.753437202832307529e-01 2.219655155186612411e-02 -7.371690257825614934e-01 6.338940099999999944e+01 -2.834280224429532036e-02 9.995897200604086930e-01 4.132446066745809957e-03 -5.613612999999999964e+00 7.369583061713506078e-01 1.810261441778906327e-02 6.756957527736093816e-01 2.426497559999999964e+02
3.378301680905228532e-01 1.503561732501150841e-02 -9.410869820264144980e-01 6.073951900000000137e+01 -1.650153029017889170e-02 9.998133292424954410e-01 1.005018244210336212e-02 -5.584703000000000195e+00 9.410624193038479302e-01 1.213412051584571508e-02 3.380152157718576689e-01 2.438123820000000137e+02
4.256918800482462073e-02 8.787925809429174978e-03 -9.990548716625016201e-01 5.741811500000000024e+01 -2.229203446746623463e-02 9.997207299744953479e-01 7.843931320677207178e-03 -5.562209000000000181e+00 9.988447974695122689e-01 2.193705584690370386e-02 4.275320045164610061e-02 2.441021729999999934e+02
-6.067033291796231076e-02 -8.331642408825057355e-04 -9.981575108874203295e-01 5.224345499999999731e+01 -3.394284494719145007e-02 9.994230200824908428e-01 1.228904424303539633e-03 -5.534164999999999779e+00 9.975805701699056449e-01 3.395486366547313672e-02 -6.066360731892384006e-02 2.438011239999999873e+02
-5.100500252226208148e-02 -5.149986345591069277e-03 -9.986851192234438290e-01 4.474369099999999833e+01 -1.981832888747183177e-02 9.997950114272714517e-01 -4.143545010028477395e-03 -5.580967000000000233e+00 9.985017393864730195e-01 1.958092862410661800e-02 -5.109661120275599266e-02 2.433529550000000086e+02
-5.977402481387519839e-02 1.549718754345424249e-02 -9.980916306310723130e-01 3.491958999999999946e+01 -3.673185693667350808e-03 9.998692964215634138e-01 1.574476993505071615e-02 -5.657028000000000389e+00 9.982051761358532449e-01 4.607304167389656389e-03 -5.970928808735775917e-02 2.428292460000000119e+02
-7.368384141030982770e-02 2.996658541328080586e-04 -9.972816060247958747e-01 2.790417700000000067e+01 -1.402708596152568710e-02 9.999007219314034467e-01 1.336839738414147792e-03 -5.690053999999999945e+00 9.971829984383248080e-01 1.408745830283451503e-02 -7.367232278215218866e-02 2.422841400000000078e+02
-5.852770959094119596e-02 2.296986543479882618e-03 -9.982831417302696631e-01 2.111299400000000048e+01 -1.287210840483073116e-03 9.999963479094539087e-01 2.376395591354314805e-03 -5.767665000000000042e+00 9.982849544585407076e-01 1.424085872950681207e-03 -5.852453913646704642e-02 2.418094550000000140e+02
-6.468616924003590951e-02 8.513378907377822449e-03 -9.978693410906205319e-01 1.534044899999999956e+01 8.023200181928578402e-04 9.999637287494488325e-01 8.479237470858973919e-03 -5.820860999999999841e+00 9.979053340831676167e-01 -2.521211578314858440e-04 -6.469065344610402946e-02 2.414872000000000014e+02
-9.525249213900800760e-02 8.371950524451454018e-03 -9.954179389511342846e-01 9.745051999999999381e+00 -1.440714248264499467e-02 9.998483046594973667e-01 9.787845269200011120e-03 -5.868333999999999939e+00 9.953488820442774054e-01 1.527344473081211108e-02 -9.511742689571578424e-02 2.409815920000000062e+02
-1.030668990391762907e-01 5.869152185116070786e-03 -9.946571104531831686e-01 5.202564999999999884e+00 -3.559256223745060899e-02 9.993204197508543940e-01 9.584789113447443956e-03 -5.893488999999999756e+00 9.940374157122160437e-01 3.639026960059520144e-02 -1.027879586458187999e-01 2.404772010000000080e+02
-8.369788692185227419e-02 4.704852076654619103e-03 -9.964800690890681656e-01 -7.225570000000000048e-01 -3.966113995525701041e-02 9.991807691616925169e-01 8.048882835401397623e-03 -5.938824999999999577e+00 9.957015906898344371e-01 4.019520996817035896e-02 -8.344271923510371280e-02 2.398787360000000035e+02
3.790807630997834743e-02 -2.023887475842206865e-02 -9.990762561981894052e-01 -1.077999200000000002e+01 -1.984418351537612160e-02 9.995824733469776957e-01 -2.100207985288257695e-02 -6.035616000000000092e+00 9.990841736966336040e-01 2.062200101958313464e-02 3.749062473290332154e-02 2.396064110000000085e+02
2.893111971944147265e-01 -1.206884023819818769e-02 -9.571590120106687749e-01 -1.358486899999999942e+01 -2.476010781999090325e-03 9.999077355920941157e-01 -1.335625971963730688e-02 -6.118877000000000344e+00 9.572318948658899984e-01 6.234051523353820352e-03 2.892546214895490575e-01 2.402705280000000130e+02
6.076063279514386517e-01 3.566989552733831371e-03 -7.942303361235324433e-01 -1.553256499999999996e+01 2.154034983405135953e-03 9.999788366512524229e-01 6.138923594423525282e-03 -6.165405999999999942e+00 7.942354250262694260e-01 -5.440848751673834152e-03 6.075857855465369717e-01 2.415610770000000116e+02
8.903431750153345536e-01 -1.337533005539906505e-02 -4.550935412083130238e-01 -1.708298200000000122e+01 1.450342604817073111e-02 9.998943069129996308e-01 -1.012736805544908313e-03 -6.168912999999999869e+00 4.550589866561022268e-01 -5.698732217011165738e-03 8.904430600070057933e-01 2.440561089999999922e+02
9.888614522768757187e-01 -2.254113701346759091e-02 -1.471221442985672090e-01 -1.786532100000000156e+01 2.266446717332250282e-02 9.997427765740802830e-01 -8.382217474843830889e-04 -6.180318999999999896e+00 1.471031955078398179e-01 -2.505559835376226611e-03 9.891179768062521305e-01 2.477101460000000088e+02
9.983696799834523850e-01 -3.263065955532779699e-02 -4.683184970426684107e-02 -1.816575599999999824e+01 3.269069563110894167e-02 9.994653829594699612e-01 5.164153697454605891e-04 -6.192868999999999957e+00 4.678996162525609487e-02 -2.046539191955338340e-03 9.989026534995503193e-01 2.522400110000000097e+02
9.981468801048096751e-01 -4.115966486199695157e-02 -4.481838602050327441e-02 -1.868640200000000107e+01 4.141368560749700972e-02 9.991307767159886000e-01 4.753699959885433410e-03 -6.224211000000000382e+00 4.458376813861907734e-02 -6.600985332002566250e-03 9.989838410160639670e-01 2.653472310000000220e+02
9.980162559733842809e-01 -3.890144929786110845e-02 -4.949979853892524928e-02 -1.902313099999999935e+01 3.944247849366352282e-02 9.991718013661196052e-01 1.000011225239423249e-02 -6.270845999999999698e+00 4.906978401363852604e-02 -1.193266932876029668e-02 9.987240698509000092e-01 2.720900839999999903e+02
9.973131645404084145e-01 -4.799770264822177113e-02 -5.534141645177775154e-02 -1.937988000000000000e+01 4.835697681542845683e-02 9.988167344747449494e-01 5.170466756389625711e-03 -6.295688000000000173e+00 5.502776233564587310e-02 -7.832718155257505435e-03 9.984541020490785845e-01 2.792668859999999995e+02
9.968018094241406502e-01 -4.435461939069436366e-02 -6.647420903979081586e-02 -1.984993400000000108e+01 4.457405039700323979e-02 9.990044238593809300e-01 1.820752754206729539e-03 -6.408341000000000065e+00 6.632727010788685984e-02 -4.777954383747820902e-03 9.977864823658126880e-01 2.866077220000000239e+02
9.966765877040204558e-01 -4.257707109093885472e-02 -6.944762443732070689e-02 -2.036044400000000110e+01 4.232016691346759257e-02 9.990907392649064356e-01 -5.167028886999252418e-03 -6.490240000000000009e+00 6.960447539552501450e-02 2.210821661731295160e-03 9.975722175724892615e-01 2.939386289999999917e+02
9.973252775382022151e-01 -2.946923482941887426e-02 -6.688688198680338426e-02 -2.092755899999999869e+01 3.024976935952349358e-02 9.994852413718879891e-01 1.068661468728399934e-02 -6.584147999999999890e+00 6.653752502944208780e-02 -1.268134371221781194e-02 9.977033333033467066e-01 3.011185889999999858e+02
9.977066554131418519e-01 -1.751181233924238231e-02 -6.538169600826633510e-02 -2.150393899999999903e+01 1.764000026409736840e-02 9.998434454960706264e-01 1.383795226409860208e-03 -6.668720999999999677e+00 6.534722744696087882e-02 -2.533954841971005224e-03 9.978593683169256767e-01 3.092666639999999916e+02
9.979964956586860891e-01 -1.585645368044873854e-02 -6.125004105845059665e-02 -2.200926300000000069e+01 1.603152903634940535e-02 9.998686827720749681e-01 2.367971366452908347e-03 -6.728229999999999933e+00 6.120445024455971328e-02 -3.345158937246256719e-03 9.981196447229889746e-01 3.165534339999999816e+02
9.979552530706984337e-01 -2.084670428898420177e-02 -6.042125279142916694e-02 -2.249343700000000013e+01 2.131940140315565987e-02 9.997468671244110761e-01 7.189214055532637711e-03 -6.819256000000000206e+00 6.025608676647749296e-02 -8.462658873710513299e-03 9.981470770444493823e-01 3.240439250000000015e+02
9.974793589286414797e-01 -3.489646846341977471e-02 -6.178320969396108170e-02 -2.296718500000000063e+01 3.535471640078395594e-02 9.993547217920332182e-01 6.339089854874586927e-03 -6.843218000000000245e+00 6.152213048591990280e-02 -8.507439141691516479e-03 9.980694619813411661e-01 3.314869090000000256e+02
9.965272649526645266e-01 -5.164524891785688548e-02 -6.531598939137861493e-02 -2.340628999999999849e+01 5.213980463903149926e-02 9.986224325565004056e-01 5.888800144469158449e-03 -6.917108999999999952e+00 6.492188366156445567e-02 -9.273912828492240565e-03 9.978472546250172215e-01 3.386791470000000004e+02
9.955895693443561623e-01 -5.905652425927374743e-02 -7.289537951841136565e-02 -2.406759800000000027e+01 5.979069723085708027e-02 9.981794446994384229e-01 7.928978759497582601e-03 -6.969153999999999627e+00 7.229441152238115509e-02 -1.225247411482249804e-02 9.973080742381955632e-01 3.474238510000000133e+02
9.968494623803355603e-01 -5.984231582316058839e-02 -5.205810781191716474e-02 -2.503313500000000147e+01 6.028979846478031701e-02 9.981558987723785359e-01 7.066961651330592835e-03 -7.097903999999999769e+00 5.153920404034446900e-02 -1.018326975122964100e-02 9.986190522236502165e-01 3.613943039999999769e+02
9.723747908956746899e-01 -5.060473981259690224e-02 -2.278737069937916415e-01 -2.579644400000000104e+01 5.225279067259472332e-02 9.986331673617013793e-01 1.201212746404175559e-03 -7.204668999999999990e+00 2.275014547151710531e-01 -1.307506610444075443e-02 9.736899561712883955e-01 3.670112129999999979e+02
8.459902844367067631e-01 -2.916901884436105818e-02 -5.323998562906995247e-01 -2.716532799999999881e+01 3.857490395751432544e-02 9.992342428128442311e-01 6.550173654993158082e-03 -7.236348999999999698e+00 5.318011051355278074e-01 -2.607865659690564164e-02 8.464676533965914684e-01 3.695794849999999769e+02
5.450630308465621576e-01 -2.185515975866401603e-02 -8.381101624466097411e-01 -2.957481900000000152e+01 5.757569137619208965e-02 9.982759114834856007e-01 1.141246311579633549e-02 -7.254671000000000092e+00 8.364157651353260059e-01 -5.447528378759678575e-02 5.453816198675452975e-01 3.716223380000000134e+02
1.105273157693625052e-01 -2.217559590063646752e-02 -9.936256616126977192e-01 -3.316529500000000041e+01 5.811271457905405752e-02 9.981847816585720512e-01 -1.581309803556184279e-02 -7.311834000000000167e+00 9.921726789591986950e-01 -5.599450519185401876e-02 1.116153686337433282e-01 3.724722390000000019e+02
-1.064761624877208629e-01 -5.255891559701932753e-04 -9.943151163378376456e-01 -3.737734199999999873e+01 1.099216778497373245e-02 9.999381295769169675e-01 -1.705656941994699097e-03 -7.372128000000000014e+00 9.942544941157045457e-01 -1.111129039562532353e-02 -1.064637973983111330e-01 3.721061030000000187e+02
-1.060177575127308341e-01 -2.271823448083980235e-02 -9.941046810643461296e-01 -4.347138400000000047e+01 2.317196115487215810e-03 9.997306143423454472e-01 -2.309392450059149365e-02 -7.508504000000000289e+00 9.943615367129472471e-01 -4.751901593070985766e-03 -1.059365552447104619e-01 3.714185489999999845e+02
-6.519185859638559899e-02 -3.272951643720425560e-03 -9.978673806474920305e-01 -5.249275999999999698e+01 8.522744281035696083e-05 9.999945991088915465e-01 -3.285496816358388170e-03 -7.713061999999999863e+00 9.978727445466339940e-01 -2.992333289873663066e-04 -6.519122755695716531e-02 3.706392930000000092e+02
-5.888767606179599878e-02 -7.586541525702369254e-03 -9.982357867737059465e-01 -5.980723600000000317e+01 2.467011569272294091e-03 9.999669620741594711e-01 -7.745231700444702230e-03 -7.834209999999999674e+00 9.982615666557328460e-01 -2.918757930231703421e-03 -5.886701444940667383e-02 3.701958240000000160e+02
-7.747632352168604131e-02 -3.168368486632004190e-03 -9.969891577819166573e-01 -6.803183099999999683e+01 -7.289472044355953771e-03 9.999700217110587541e-01 -2.611374446385630790e-03 -7.983266999999999669e+00 9.969675435493760007e-01 7.065204902732831471e-03 -7.749709664758297478e-02 3.696002419999999802e+02
-9.226284299086424945e-02 -6.017375113608009439e-03 -9.957165053367276197e-01 -7.432627800000000207e+01 -1.169507502965946855e-02 9.999193129636534394e-01 -4.959111043906810901e-03 -8.122688999999999382e+00 9.956660047542518210e-01 1.118743755456511751e-02 -9.232577222893367797e-02 3.689642069999999876e+02
-6.521121096594922895e-02 -2.311648169672396273e-03 -9.978688061298909284e-01 -8.140342200000000616e+01 -1.527611887147265618e-02 9.998824446097819285e-01 -1.318011149784396700e-03 -8.267469000000000179e+00 9.977545480510620068e-01 1.515761339743065469e-02 -6.523885804882645356e-02 3.683449449999999956e+02
-3.008110970085393562e-02 -4.974374199128801279e-03 -9.995350831464058228e-01 -8.757203499999999963e+01 -1.339476890437730008e-02 9.998998285698209587e-01 -4.573072494596317969e-03 -8.369797999999999405e+00 9.994577064614409423e-01 1.325097835518374532e-02 -3.014472702591508568e-02 3.680414180000000215e+02
-1.022973438441130561e-02 -2.364558090834403478e-03 -9.999448791805775061e-01 -9.355788099999999474e+01 1.918230695886012161e-03 9.999953177378715363e-01 -2.384301434509363080e-03 -8.463853000000000293e+00 9.999458349957871528e-01 -1.942515731805614498e-03 -1.022515071820140342e-02 3.679038590000000113e+02
-8.972029198179794218e-02 -1.319726040962386666e-02 -9.958795617565318059e-01 -1.039387370000000033e+02 1.564764968079833743e-02 9.997701127400646648e-01 -1.465853782562980510e-02 -8.656929999999999126e+00 9.958440742737632023e-01 -1.689834280037490893e-02 -8.949316032207754734e-02 3.674964529999999741e+02
-1.286480400783229228e-01 -2.071952441687638022e-03 -9.916881509814894358e-01 -1.132505100000000056e+02 -2.203963651352178546e-03 9.999959451417030909e-01 -1.803398008026767946e-03 -8.922489000000000559e+00 9.916878663814685524e-01 1.953641019026058825e-03 -1.286520849366190600e-01 3.662366010000000074e+02
-1.017207051294291703e-01 1.437724160216105780e-02 -9.947090997230723097e-01 -1.192887309999999985e+02 -8.448942206455282641e-03 9.998470136040582545e-01 1.531550726022761107e-02 -8.946502000000000621e+00 9.947771175110351471e-01 9.962143893720644058e-03 -1.015836707619738322e-01 3.655333899999999971e+02
-2.307257941047106270e-02 -1.115546356061159448e-02 -9.996715519169762088e-01 -1.320822650000000067e+02 -6.710626354769431631e-03 9.999169437767987390e-01 -1.100331958970191155e-02 -9.178530000000000300e+00 9.997112701041609428e-01 6.454547297395132541e-03 -2.314552323693519487e-02 3.646884870000000092e+02
-3.241002686621177742e-02 -1.077743829047753295e-02 -9.994165482832603198e-01 -1.401099000000000103e+02 2.624378293525018654e-03 9.999374958946336545e-01 -1.086816187504309125e-02 -9.346382000000000190e+00 9.994712115899607729e-01 -2.975084513860771877e-03 -3.237971703136821588e-02 3.644983359999999948e+02
-5.431780371148957343e-02 -1.639949074082219099e-02 -9.983890188215222006e-01 -1.479314970000000073e+02 5.541232214678689857e-03 9.998447745842321543e-01 -1.672487614749625096e-02 -9.541532000000000124e+00 9.985083229224996915e-01 -6.440763933553942874e-03 -5.421849882142748545e-02 3.640987210000000118e+02
-7.977840044621571647e-02 -6.048974116370167339e-03 -9.967942700148224588e-01 -1.575759429999999952e+02 1.145962440418396393e-02 9.999099389727974518e-01 -6.985052034984516427e-03 -9.747764000000000095e+00 9.967467500979163564e-01 -1.198014422099724641e-02 -7.970189655011872265e-02 3.634185719999999833e+02
-8.127258966140331331e-02 -1.708176331065674059e-03 -9.966904475830754562e-01 -1.642144670000000133e+02 6.069823381919955962e-03 9.999791390919512413e-01 -2.208760972206247515e-03 -9.836458999999999619e+00 9.966734286685089428e-01 -6.229246707430258385e-03 -8.126052591274879333e-02 3.628326690000000099e+02
-7.224033532236011357e-02 5.901236662355801091e-03 -9.973697956918328167e-01 -1.714285639999999944e+02 1.459145509812158868e-02 9.998817316775377995e-01 4.859227885985916394e-03 -9.962887000000000270e+00 9.972805138929732305e-01 -1.420204433816869144e-02 -7.231789920886955159e-02 3.622684130000000096e+02
-7.022455653334844228e-02 1.925165035815263465e-03 -9.975293506455236159e-01 -1.779239880000000085e+02 2.756996512952777575e-02 9.996198761960647383e-01 -1.168420768248197572e-05 -1.004240899999999925e+01 9.971501435001910441e-01 -2.750266993128051146e-02 -7.025093924069536477e-02 3.618265589999999747e+02
-1.568969667683391689e-01 1.779651952285412134e-03 -9.876133730655044518e-01 -1.859306100000000015e+02 2.660516959859506730e-02 9.996430777509456300e-01 -2.425294878332786425e-03 -1.020640700000000045e+01 9.872565556984286284e-01 -2.665614269817749224e-02 -1.568883146921074001e-01 3.609796079999999847e+02
-4.774428935489504755e-01 6.453168961050732497e-03 -8.786390840441629102e-01 -1.897216520000000060e+02 3.095848903177344374e-02 9.994756957799687536e-01 -9.481851191453189581e-03 -1.029863800000000040e+01 8.781172218767121507e-01 -3.172838091531665627e-02 -4.773923485855396942e-01 3.595170420000000036e+02
-9.142395187790114397e-01 2.309942953537108806e-04 -4.051740970797085839e-01 -1.927382829999999956e+02 1.647385795252056823e-03 9.999936910066817841e-01 -3.147072746932106334e-03 -1.037405399999999922e+01 4.051708138831858208e-01 -3.544656325850940176e-03 -9.142341313847172080e-01 3.553626980000000231e+02
-9.999721369263144810e-01 -5.440417217112599943e-03 -5.111480365213893692e-03 -1.932961779999999976e+02 -5.439507281057553642e-03 9.999851873571039551e-01 -1.919034056090046037e-04 -1.040668900000000008e+01 5.112448685272471052e-03 -1.640941239267099225e-04 -9.999869178852086593e-01 3.493186539999999809e+02
-9.965918539342877303e-01 -5.153838637413248915e-03 8.232930595552749586e-02 -1.929118009999999970e+02 -6.515810131513480145e-03 9.998461943603170754e-01 -1.628286957269110824e-02 -1.051056900000000027e+01 -8.223272396162865927e-02 -1.676381730068393638e-02 -9.964721539207003209e-01 3.437373949999999923e+02
-9.930721387966802149e-01 -1.453368227684355245e-02 1.166040274830275753e-01 -1.921805549999999982e+02 -1.616027542512263326e-02 9.997846860510096745e-01 -1.301641410174903153e-02 -1.061907700000000077e+01 -1.163897445824633864e-01 -1.481059139129147460e-02 -9.930931848213786495e-01 3.372625269999999773e+02
-9.940945455417267151e-01 -2.516710012940516147e-02 1.055587589698984002e-01 -1.914062629999999956e+02 -2.670675333088016676e-02 9.995561897538158824e-01 -1.319745624569705449e-02 -1.073891599999999968e+01 -1.051797692083041719e-01 -1.593865100659594067e-02 -9.943254877319491758e-01 3.310034979999999791e+02
-9.956997374841193293e-01 -3.294156567165321126e-02 8.658455996975679414e-02 -1.906404670000000010e+02 -3.308731097219144712e-02 9.994524341859778449e-01 -2.482989189169677868e-04 -1.084061900000000023e+01 -8.652896986955151137e-02 -3.112081429492917408e-03 -9.962444741741310894e-01 3.235628389999999968e+02
-9.965293519104031494e-01 -4.478812104571618796e-02 7.016605300446929205e-02 -1.899862400000000093e+02 -4.516543179249980083e-02 9.989722962160307862e-01 -3.799363613565871767e-03 -1.092896600000000085e+01 -6.992377672886931905e-02 -6.955257440621049475e-03 -9.975280897508128630e-01 3.161303219999999783e+02
-9.977181703869340001e-01 -3.273461212260378450e-02 5.904995892404213409e-02 -1.894931249999999920e+02 -3.228380229422497805e-02 9.994419779659438063e-01 8.572560233049284634e-03 -1.101595099999999938e+01 -5.929762717997892618e-02 6.646641911863841387e-03 -9.982182194100241990e-01 3.084802369999999883e+02
-9.974122445789848079e-01 -3.708388943028212426e-02 6.159220331043303853e-02 -1.889721830000000011e+02 -3.769074945546029010e-02 9.992514039615746357e-01 -8.720039352425941470e-03 -1.111034800000000011e+01 -6.122272265586388429e-02 -1.101893032670353892e-02 -9.980633053093667106e-01 3.008990049999999883e+02
-9.981841096271323321e-01 -3.561316147658202119e-02 4.858174572338749830e-02 -1.886625420000000020e+02 -3.621280764143810366e-02 9.992777123453248089e-01 -1.151894841635088367e-02 -1.122934899999999914e+01 -4.813642955821700875e-02 -1.325731268158236199e-02 -9.987527861337106572e-01 2.953785320000000070e+02
-9.972705206107425058e-01 -2.652928252232413658e-02 6.890359852452801470e-02 -1.881736300000000028e+02 -2.771961539528446095e-02 9.994815759306930891e-01 -1.637688301954322301e-02 -1.139384899999999945e+01 -6.843341028413052474e-02 -1.824216390533210663e-02 -9.974888930774792328e-01 2.870931810000000155e+02
-9.971448509944041971e-01 -1.939346536782342659e-02 7.297972072004160760e-02 -1.876480919999999912e+02 -2.051683822118962122e-02 9.996818037009236324e-01 -1.467483215146355921e-02 -1.153406799999999954e+01 -7.267190299389283958e-02 -1.613024644247970998e-02 -9.972254557846745859e-01 2.805280300000000011e+02
-9.980911596794707075e-01 -1.448049971379265777e-02 6.003625652660436046e-02 -1.872016199999999913e+02 -1.465354639619225949e-02 9.998896463800966972e-01 -2.443080002768558204e-03 -1.166338999999999970e+01 -5.999425428909033881e-02 -3.318160623619292177e-03 -9.981932073814026030e-01 2.738259499999999775e+02
-9.974051793138660749e-01 -1.535899199657084734e-02 7.033498164302438849e-02 -1.866740139999999997e+02 -1.518116149472180550e-02 9.998800703933126144e-01 3.062215853825948388e-03 -1.175888800000000067e+01 -7.037357894513025791e-02 1.986503237731985713e-03 -9.975187282408990441e-01 2.659189779999999814e+02
-9.959078971796507807e-01 -1.351964254019610151e-02 8.935703442254097628e-02 -1.858256890000000112e+02 -1.644961153518843811e-02 9.993481708915294970e-01 -3.213477269401202041e-02 -1.192517400000000016e+01 -8.886433826652426204e-02 -3.347316240422683331e-02 -9.954811282907941594e-01 2.559686519999999916e+02
-9.967525493799200831e-01 9.708717556953096010e-04 8.051964178176881926e-02 -1.848157290000000046e+02 -1.875288108750513606e-04 9.998966172383382256e-01 -1.437774906837703016e-02 -1.220992999999999995e+01 -8.052527638931436527e-02 -1.434615779092499217e-02 -9.966493202822458430e-01 2.449821420000000103e+02
-9.971768407142281854e-01 1.999561809601188220e-02 7.237764572123388251e-02 -1.840659589999999923e+02 1.960827398674686375e-02 9.997893837401887751e-01 -6.058362128018368771e-03 -1.243456499999999920e+01 -7.248354250759732331e-02 -4.622057698902437388e-03 -9.973588986158276048e-01 2.345630380000000059e+02
-9.989185358160523887e-01 -1.707391902618079832e-03 4.646335777798177996e-02 -1.835218240000000094e+02 -2.015581003017595952e-03 9.999762747613502034e-01 -6.586907288915263593e-03 -1.264599699999999949e+01 -4.645100899156163338e-02 -6.673434445873029260e-03 -9.988982776220821647e-01 2.270940600000000131e+02
-9.995375599044922232e-01 5.100036911029737392e-03 2.997759102529851463e-02 -1.833191989999999976e+02 4.922760545084775043e-03 9.999699758769931002e-01 -5.984460976688898634e-03 -1.275405600000000028e+01 -3.000721194629185282e-02 -5.834121019647248510e-03 -9.995326559263277844e-01 2.222474569999999972e+02
-9.670468126355898919e-01 1.857859790600913802e-02 2.539198650582368821e-01 -1.825471799999999973e+02 1.581796496638002841e-02 9.997915449415705202e-01 -1.290963390921010673e-02 -1.291538000000000075e+01 -2.541067770754427690e-01 -8.467724794434826341e-03 -9.671391024465596509e-01 2.157891820000000109e+02
-8.265240263735791348e-01 3.083427524749762436e-03 5.628929972045370045e-01 -1.810044210000000078e+02 -6.397493704747658425e-03 9.998689561394265013e-01 -1.487086490260446439e-02 -1.298186100000000032e+01 -5.628650867672509994e-01 -1.589223154102074875e-02 -8.263959892661276729e-01 2.131935829999999896e+02
-5.371953347231123166e-01 1.789628482279638673e-03 8.434559677787683007e-01 -1.782748640000000080e+02 -7.817698083079610560e-03 9.999442300050461752e-01 -7.100737729065787103e-03 -1.301614999999999966e+01 -8.434216359261867968e-01 -1.040836728361266283e-02 -5.371513845668502984e-01 2.110047209999999893e+02
-2.298669458673478494e-01 2.933971951135302958e-04 9.732220204638318828e-01 -1.748943370000000073e+02 -2.274437853736333698e-02 9.997252150210840238e-01 -5.673420132206332886e-03 -1.303697700000000026e+01 -9.729562582370115953e-01 -2.343946179273956321e-02 -2.297971087466067486e-01 2.099112780000000100e+02
-8.027752693426894659e-04 -2.546784775732434739e-03 9.999964347132307418e-01 -1.687325690000000122e+02 -3.379451277707379991e-02 9.994256298329935451e-01 2.518201557549240577e-03 -1.307635100000000072e+01 -9.994284799114075968e-01 -3.379237074001090885e-02 -8.883815298210695488e-04 2.096895639999999901e+02
3.406615952781511664e-02 6.341982261595362907e-03 9.993994576924779549e-01 -1.593250800000000140e+02 -1.371650983488182166e-02 9.998886497590742106e-01 -5.877536977761829880e-03 -1.319651200000000024e+01 -9.993254495573377083e-01 -1.350804737809936651e-02 3.414935611480807154e-02 2.099112049999999954e+02
5.860235399122713101e-02 -4.947790985016208877e-03 9.982691438039418275e-01 -1.505498580000000004e+02 2.414818515165528291e-03 9.999854943303756460e-01 4.814538438231482503e-03 -1.329221899999999934e+01 -9.982784845714273159e-01 2.128495525714588395e-03 5.861345194212075338e-02 2.103603380000000129e+02
9.842611190774386287e-02 -6.258797053686942016e-05 9.951443596672145953e-01 -1.434270579999999882e+02 -5.614805572111587761e-03 9.999840457462944032e-01 6.182323675925044219e-04 -1.331509900000000002e+01 -9.951285215755359959e-01 -5.648392303912543044e-03 9.842419017329750996e-02 2.109804660000000069e+02
9.727285481964081937e-02 4.051161855766646086e-03 9.952495063062604119e-01 -1.346586800000000039e+02 -3.908053179424340884e-02 9.992360335001861937e-01 -2.477690335591538340e-04 -1.338603699999999996e+01 -9.944901727769438482e-01 -3.887077877317667018e-02 9.735686317692526792e-02 2.119895490000000109e+02
6.263602844421599369e-02 5.177609777047537110e-03 9.980230058960225525e-01 -1.276771370000000019e+02 -4.546587457869687154e-02 9.989631774003853160e-01 -2.329044207532486588e-03 -1.346869399999999928e+01 -9.970002919706341116e-01 -4.523010673349175947e-02 6.280649055111564572e-02 2.126570729999999969e+02
2.133016563312275377e-02 1.224776714679813062e-02 9.996974623524766956e-01 -1.232174660000000017e+02 -3.128990981466812232e-02 9.994433019763232506e-01 -1.157703236817868124e-02 -1.356395900000000054e+01 -9.992827255476067760e-01 -3.103350342100829468e-02 2.170152270152447826e-02 2.128276840000000050e+02
5.237732249873752050e-02 6.638735921204877780e-05 9.986273637751879040e-01 -1.160613359999999972e+02 -7.007562226388132365e-03 9.999754014132474778e-01 3.010648730354141198e-04 -1.363523499999999977e+01 -9.986027789664448928e-01 -7.013712364576585138e-03 5.237649930417687116e-02 2.129870129999999904e+02
2.859122926148584543e-01 -4.666910559705898624e-03 9.582444264787265409e-01 -1.116117069999999956e+02 -2.864375266536905995e-03 9.999795106961191227e-01 5.724818100409694022e-03 -1.368645800000000001e+01 -9.582515099315253027e-01 -4.381567502393681618e-03 2.858930666878334304e-01 2.138274810000000059e+02
6.003007458344160607e-01 -6.317152470780586747e-04 7.997741027855868046e-01 -1.083353129999999993e+02 1.439972848996833206e-03 9.999989209096770137e-01 -2.909599210869229105e-04 -1.369696800000000003e+01 -7.997730559532735262e-01 1.326316450978450457e-03 6.003010077084942608e-01 2.157776350000000036e+02
