9.980280430841870221e-01 4.780551811528442607e-03 -6.258731134923030404e-02 -9.156760000000000455e-01 -5.194476584772088346e-03 9.999656906490519415e-01 -6.452514066224859270e-03 -1.980190000000000006e-01 6.255431744139212935e-02 6.764898309795003110e-03 9.980186338542480495e-01 1.869983399999999918e+01
9.979615357936827413e-01 2.167636737569741956e-03 -6.378145833459779313e-02 -9.768000000000000016e-01 -2.613896023358363956e-03 9.999726811425443396e-01 -6.914081006921847516e-03 -2.051060000000000105e-01 6.376472868203210409e-02 7.066705000574461867e-03 9.979399386017886453e-01 1.961933399999999850e+01
9.979181839833899392e-01 1.371734426321037604e-03 -6.447803052169548410e-02 -1.039522999999999975e+00 -1.690662203920341661e-03 9.999866049105247123e-01 -4.891999676444025967e-03 -2.171279999999999877e-01 6.447045630833772578e-02 4.990826002350606978e-03 9.979071359195749169e-01 2.054189900000000080e+01
9.979197384694765693e-01 2.378721277892902140e-03 -6.442466343019152830e-02 -1.112419000000000047e+00 -2.494742169388601116e-03 9.999954080743786999e-01 -1.720491692803835992e-03 -2.277649999999999952e-01 6.442027502673076944e-02 1.877635544729677709e-03 9.979210903925427312e-01 2.147338500000000039e+01
9.979502653593281813e-01 3.518626337234620829e-03 -6.389747364290211673e-02 -1.179842000000000057e+00 -3.453799249489781717e-03 9.999934028259553909e-01 1.124977915712710181e-03 -2.228620000000000045e-01 6.390101047707051618e-02 -9.019829629967347209e-04 9.979558343367425088e-01 2.241518900000000158e+01
9.980280322652818059e-01 2.634384468715730322e-03 -6.271448661322691354e-02 -1.230552000000000090e+00 -2.411119833224237632e-03 9.999904850242257170e-01 3.635431496216135188e-03 -2.234569999999999890e-01 6.272346701067681163e-02 -3.477050400100191018e-03 9.980248878693736003e-01 2.335274100000000175e+01
9.981212507624591668e-01 2.253290274067122102e-03 -6.122819170386148424e-02 -1.291919000000000040e+00 -1.972710550397739453e-03 9.999872773127161940e-01 4.642588263575760620e-03 -2.288300000000000056e-01 6.123787381570630628e-02 -4.513080504659368157e-03 9.981129970674111895e-01 2.428667099999999834e+01
9.982052079329073457e-01 2.897263706079706170e-03 -5.981612423618558327e-02 -1.353553999999999924e+00 -2.772185652418459895e-03 9.999937945062835620e-01 2.173921717387490658e-03 -2.440789999999999904e-01 5.982205147209414264e-02 -2.004198578543809218e-03 9.982070453296389978e-01 2.522405200000000036e+01
9.982483847413015088e-01 3.470021328159063508e-03 -5.906031927922951452e-02 -1.405853000000000019e+00 -3.610872897753391805e-03 9.999908853847200296e-01 -2.278320521815128778e-03 -2.534170000000000034e-01 5.905187514633788992e-02 2.487589087042943285e-03 9.982518158972891742e-01 2.615027699999999911e+01
9.983148485109462067e-01 2.107914078403374299e-03 -5.799155059838135423e-02 -1.457907000000000064e+00 -2.426156849086949247e-03 9.999823799949451031e-01 -5.417883589443880932e-03 -2.530830000000000024e-01 5.797910835387332790e-02 5.549450232519044859e-03 9.983023723284476514e-01 2.709073800000000176e+01
9.983647580604619876e-01 -2.530126752306488969e-04 -5.716420075065591078e-02 -1.521069999999999922e+00 1.087874904313425371e-05 9.999910279124385459e-01 -4.236033082637736223e-03 -2.645190000000000041e-01 5.716475963850400910e-02 4.228484268689518787e-03 9.983558033968958911e-01 2.806140100000000004e+01
9.983345415433909631e-01 -2.646233314838424867e-03 -5.762933810647766220e-02 -1.572437000000000085e+00 2.703539451581993616e-03 9.999959254905342876e-01 9.164479055140924493e-04 -2.772979999999999889e-01 5.762667816021516121e-02 -1.070724788739232242e-03 9.983376280160163319e-01 2.902414599999999822e+01
9.982606047166071583e-01 -6.799834300531047357e-03 -5.856216632194469196e-02 -1.621690999999999994e+00 7.066102864103449704e-03 9.999656128615107553e-01 4.340885257298776959e-03 -2.927719999999999767e-01 5.853063523615389951e-02 -4.747141033132078539e-03 9.982743257195708653e-01 2.998387200000000163e+01
9.981365593654366597e-01 -1.374870922571690482e-02 -5.945066738695836683e-02 -1.666911999999999949e+00 1.395834422957830528e-02 9.998977337645016394e-01 3.112336579233223287e-03 -2.949519999999999920e-01 5.940179698036639200e-02 -3.936369804848371436e-03 9.982263929130820168e-01 3.093104800000000054e+01
9.980166842897310042e-01 -1.575311245550081382e-02 -6.094700425202074362e-02 -1.719322999999999935e+00 1.574725856695103135e-02 9.998758380983390204e-01 -5.763981001341568185e-04 -3.104450000000000265e-01 6.094851702016281653e-02 -3.844933141108430961e-04 9.981408369753911325e-01 3.191194700000000140e+01
9.979344988691084550e-01 -1.623883044709124868e-02 -6.215332937640589278e-02 -1.786275000000000057e+00 1.598846498152706186e-02 9.998619441412086584e-01 -4.523455061899561876e-03 -3.179660000000000264e-01 6.221820436492731671e-02 3.520375530133688750e-03 9.980563621367938287e-01 3.290269700000000341e+01
9.978069652697296732e-01 -1.492970389909498499e-02 -6.448537819302913032e-02 -1.849396000000000040e+00 1.460600979775712738e-02 9.998782647051854822e-01 -5.488191681685993147e-03 -3.233559999999999768e-01 6.455946512325261288e-02 4.534281821022217475e-03 9.979035603460723047e-01 3.389721899999999977e+01
9.977637273448538568e-01 -1.541505702618450185e-02 -6.503783830804683863e-02 -1.919945999999999930e+00 1.517977833136064519e-02 9.998763326488759873e-01 -4.110199319378811736e-03 -3.318809999999999816e-01 6.509315420775767247e-02 3.113747824366658312e-03 9.978743336962683230e-01 3.489896800000000354e+01
9.976343503413039882e-01 -1.297348098808891875e-02 -6.750845732303573099e-02 -2.064706999999999848e+00 1.301914076456690134e-02 9.999152194436953245e-01 2.364288881728137857e-04 -3.604970000000000119e-01 6.749966661278286595e-02 -1.114771688941561213e-03 9.977186739212836608e-01 3.689745400000000330e+01
9.975514845974307043e-01 -1.134489543588654108e-02 -6.900962921948593232e-02 -2.185653999999999986e+00 1.180080212555425535e-02 9.999111321419101861e-01 6.202329229982357292e-03 -3.897990000000000066e-01 6.893313170497651632e-02 -7.001511710507959951e-03 9.975967131998341175e-01 3.890889599999999859e+01
9.975653085003561849e-01 -6.189584164489290823e-03 -6.946325880967581246e-02 -2.355672000000000210e+00 6.750426715653777034e-03 9.999464650708433933e-01 7.842112692455355250e-03 -3.896249999999999991e-01 6.941100068249909938e-02 -8.291926205368994190e-03 9.975536862465392840e-01 4.094106399999999724e+01
9.975692585643309851e-01 -6.322186775621147642e-03 -6.939455541888718548e-02 -2.431347000000000147e+00 6.769781080584650820e-03 9.999577604039487921e-01 6.216709100475989458e-03 -3.956189999999999984e-01 6.935232102483522565e-02 -6.671383836442328075e-03 9.975699214622376632e-01 4.195307799999999787e+01
9.974984575389228558e-01 -5.199211628549365791e-03 -7.049677585472494123e-02 -2.571953000000000156e+00 5.490077518203004270e-03 9.999771957466989658e-01 3.932815201897055593e-03 -4.142299999999999871e-01 7.047472068986079807e-02 -4.310009861903761966e-03 9.975042544063039696e-01 4.393995900000000177e+01
9.973780091527126856e-01 -7.883964822102967548e-03 -7.193712502773089157e-02 -2.643466000000000093e+00 8.285369175811704498e-03 9.999517188697858439e-01 5.283236411644635228e-03 -4.203470000000000262e-01 7.189199897201392631e-02 -5.865409452430522114e-03 9.973951761743001798e-01 4.493837099999999651e+01
9.973473000266125377e-01 -7.279297929630385369e-03 -7.242496083034952181e-02 -2.724591999999999903e+00 7.730661203904063555e-03 9.999523935238079364e-01 5.953785632517760024e-03 -4.221630000000000105e-01 7.237817355374778772e-02 -6.497884860414280400e-03 9.973560936222148898e-01 4.591793299999999789e+01
9.973761066640107753e-01 -5.279733563390622345e-03 -7.220128994165803116e-02 -2.812552999999999859e+00 5.461205475412587995e-03 9.999824049892221955e-01 2.316235464389188817e-03 -4.279649999999999843e-01 7.218779045306128461e-02 -2.704463989550830432e-03 9.973873915305097038e-01 4.689350799999999708e+01
9.973413007503124650e-01 -5.212286726410907123e-03 -7.268536224547897384e-02 -2.897977000000000025e+00 5.092850986128993895e-03 9.999853597568298946e-01 -1.828425781019260609e-03 -4.311699999999999977e-01 7.269382839352941938e-02 1.453388827978124550e-03 9.973532448307403930e-01 4.785987800000000192e+01
9.972587014323486265e-01 -5.158536344066108094e-03 -7.381376511364796944e-02 -3.033344000000000040e+00 5.226341705519973839e-03 9.999860794206681947e-01 7.254772623294867802e-04 -4.593050000000000188e-01 7.380899518245041813e-02 -1.109264471604312890e-03 9.972717792871154119e-01 4.978923799999999744e+01
9.972337597664804321e-01 -7.420022058625705928e-03 -7.395790461241540104e-02 -3.101976000000000067e+00 7.757425308277640479e-03 9.999607688134344308e-01 4.275884309900662185e-03 -4.829160000000000119e-01 7.392327600016194988e-02 -4.837779107676275399e-03 9.972521973697070496e-01 5.075838399999999950e+01
9.972005625755938629e-01 -9.386814624531733889e-03 -7.418170738210269621e-02 -3.173662000000000205e+00 9.787686437342959025e-03 9.999393867502415212e-01 5.042223691520058421e-03 -4.918310000000000182e-01 7.412988056865790765e-02 -5.754175593058540039e-03 9.972319942070254628e-01 5.172952800000000195e+01
9.971474207109650711e-01 -1.314392333764600497e-02 -7.432535670122082661e-02 -3.243695000000000217e+00 1.344103369373860109e-02 9.999035444665862471e-01 3.498624930070814727e-03 -4.978469999999999840e-01 7.427220195142601733e-02 -4.487654448775442798e-03 9.972279082410574480e-01 5.267903400000000147e+01
9.971220690607741632e-01 -1.544754773271594592e-02 -7.422231915674749880e-02 -3.323939000000000199e+00 1.561804396381957782e-02 9.998765563231164499e-01 1.717212325200424394e-03 -5.069000000000000172e-01 7.418663016140324140e-02 -2.871477750407241004e-03 9.972402411258903809e-01 5.363444100000000248e+01
9.970077388509126504e-01 -1.711682300396581008e-02 -7.538290947981050871e-02 -3.397778000000000187e+00 1.740924733935897417e-02 9.998432505410818072e-01 3.223733010120897503e-03 -5.260409999999999808e-01 7.531591318219159337e-02 -4.526446475374211291e-03 9.971494494326506031e-01 5.459132499999999766e+01
9.968246042367329141e-01 -2.085279299104724621e-02 -7.684965460399535708e-02 -3.548557000000000183e+00 2.186034930074477051e-02 9.996854561924027882e-01 1.229283554908421408e-02 -5.394050000000000233e-01 7.656914206604566175e-02 -1.393376122444803938e-02 9.969669085688901422e-01 5.648818500000000142e+01
9.968229253079023966e-01 -1.945775491468044668e-02 -7.723633441765746788e-02 -3.619826000000000210e+00 2.064117450107863863e-02 9.996810200364478760e-01 1.455335336282041064e-02 -5.435539999999999816e-01 7.692852199159951054e-02 -1.610136492870477623e-02 9.969065896821129868e-01 5.740927599999999842e+01
9.966682523816947636e-01 -1.641757300006082762e-02 -7.989279060845200231e-02 -3.770594000000000001e+00 1.668278755582696879e-02 9.998573122932842283e-01 2.653234444399452541e-03 -5.489910000000000068e-01 7.983783121919976744e-02 -3.977228989821491451e-03 9.967999309569482991e-01 5.926185699999999912e+01
9.966268386028517279e-01 -1.491654055353195014e-02 -8.069969884950205230e-02 -3.847557999999999812e+00 1.480635933484055096e-02 9.998884517869774946e-01 -1.963595245680948512e-03 -5.600049999999999750e-01 8.071998699041686709e-02 7.621029826194476850e-04 9.967365263194235547e-01 6.017007300000000214e+01
9.966118854926272475e-01 -1.051935025115689759e-02 -8.157262387053464125e-02 -3.929361000000000104e+00 1.045484997128837829e-02 9.999446049936429048e-01 -1.217807942677842474e-03 -5.679840000000000444e-01 8.158091570280444349e-02 3.608523255892849102e-04 9.966666563995661976e-01 6.107521599999999751e+01
9.964554738732556149e-01 -5.165797761415112134e-03 -8.396310571622385421e-02 -4.084653999999999563e+00 5.408812730164727113e-03 9.999818155203795689e-01 2.667090815028343425e-03 -5.979079999999999950e-01 8.394780123907731595e-02 -3.111777957014153721e-03 9.964652946816917600e-01 6.283225000000000193e+01
9.962007949250926142e-01 -3.063577475415156515e-03 -8.703212443497883311e-02 -4.227052999999999727e+00 3.338322141835682426e-03 9.999898933440638515e-01 3.011447327324221108e-03 -6.154370000000000118e-01 8.702201902904137254e-02 -3.290547489407723118e-03 9.962009538749343474e-01 6.454274599999999396e+01
9.957918088644047705e-01 -1.900531286293987441e-03 -9.162456755361324257e-02 -4.432019000000000375e+00 2.362963559345666615e-03 9.999850121334837860e-01 4.938816823249390052e-03 -6.491120000000000223e-01 9.161380792093527792e-02 -5.134538852343456354e-03 9.957813749558683813e-01 6.699424799999999891e+01
9.954285483904490306e-01 5.609716473789625422e-03 -9.534430308291730327e-02 -4.691050999999999860e+00 -4.366653004676437043e-03 9.999027957664260446e-01 1.324127486391540008e-02 -6.654280000000000195e-01 9.540931501074856325e-02 -1.276440752909044525e-02 9.953562842066207006e-01 6.935192000000000689e+01
9.950192431792211911e-01 7.558137905227324017e-03 -9.939607766132155242e-02 -4.917404999999999582e+00 -7.922529137147953787e-03 9.999632636017958820e-01 -3.271846407811313927e-03 -7.096770000000000023e-01 9.936769714107770990e-02 4.043018457889108359e-03 9.950425693238597047e-01 7.154611400000000287e+01
9.946978201872513914e-01 1.165156203651929873e-02 -1.021787043215929697e-01 -5.122460000000000235e+00 -1.158955738695805968e-02 9.999321181979778927e-01 1.200481436558251125e-03 -7.477749999999999675e-01 1.021857557309470838e-01 -9.910310659631284790e-06 9.947653347536196122e-01 7.357530699999999513e+01
9.947637565472559062e-01 -4.114326571706615823e-03 -1.021182695547327574e-01 -5.294976000000000127e+00 2.952289562854375389e-03 9.999291937669160246e-01 -1.152785491678519347e-02 -7.935010000000000119e-01 1.021584683045354408e-01 1.116600956056980690e-02 9.947054677562421343e-01 7.541933299999999463e+01
9.959487696932644019e-01 2.213040589903313149e-03 -8.989522010552306042e-02 -5.478690000000000282e+00 -2.705950955044523001e-03 9.999819650387389292e-01 -5.361662679718928390e-03 -8.385989999999999833e-01 8.988173327157131243e-02 5.583193406074835399e-03 9.959367961750827947e-01 7.713446799999999826e+01
9.978499956625519474e-01 -2.815604554193499882e-03 -6.547868758030814251e-02 -5.569334999999999702e+00 2.993267828673316141e-03 9.999921001031309986e-01 2.615354476074254527e-03 -8.743579999999999686e-01 6.547080650145548075e-02 -2.805726701604618293e-03 9.978505406090257823e-01 7.873600500000000579e+01
9.994392601041480750e-01 7.236991756381865037e-03 -3.269237392407103870e-02 -5.601348999999999911e+00 -7.136970765184543625e-03 9.999694906682069506e-01 3.175119062913388593e-03 -8.858390000000000430e-01 3.271435481207171647e-02 -2.940014130040156069e-03 9.994604180787476366e-01 7.975235299999999938e+01
9.998747179938027863e-01 1.781086361267411036e-03 1.572819278198121090e-02 -5.566240999999999772e+00 -1.862788314959029331e-03 9.999848409407802174e-01 5.181496727417396995e-03 -8.968690000000000273e-01 -1.571872566422325562e-02 -5.210145872841979477e-03 9.998628786206019692e-01 8.071525300000000414e+01
9.989906738769261940e-01 2.061631613091634936e-04 4.491760238120227205e-02 -5.515734000000000137e+00 -5.056532576968798993e-04 9.999777188504000991e-01 6.656284063435847879e-03 -8.995100000000000318e-01 -4.491522928481885696e-02 -6.672278434020010272e-03 9.989685194633468601e-01 8.118316799999999489e+01
9.969959113799872208e-01 2.943034768797089438e-04 7.745363824283642284e-02 -5.447911000000000392e+00 -9.247703457537770604e-04 9.999667329440935504e-01 8.104184408284238403e-03 -9.000590000000000535e-01 -7.744867649867422099e-02 -8.151465547946544141e-03 9.969630164243928894e-01 8.163692399999999338e+01
9.933691377025655189e-01 5.989027732127899170e-04 1.149669412289015258e-01 -5.375750000000000028e+00 -1.649338591145151252e-03 9.999577605785849865e-01 9.041943423453728881e-03 -9.098070000000000324e-01 -1.149566698468306170e-01 -9.171606954586358426e-03 9.933281661583936994e-01 8.207843200000000650e+01
9.877161809711129115e-01 -1.226455452203624365e-03 1.562537732500037524e-01 -5.282996999999999943e+00 -2.813824751532689413e-04 9.999536154888445383e-01 9.627444868231811725e-03 -9.137870000000000159e-01 -1.562583331273647846e-01 -9.553150151228987502e-03 9.876700211358273584e-01 8.251831500000000119e+01
9.795141624936741787e-01 -1.535228200208596256e-03 2.013694330048363124e-01 -5.165939999999999976e+00 -4.966022985922010540e-04 9.999494830666607603e-01 1.003915837483321596e-02 -9.138159999999999616e-01 -2.013746728376560602e-01 -9.933498330962523687e-03 9.794639180441695459e-01 8.294304700000000707e+01
9.680751355534011893e-01 -4.552542496327534761e-04 2.506597787177512471e-01 -5.044246000000000230e+00 -1.836085720117735078e-03 9.999586434536890112e-01 8.907310002830621035e-03 -9.270469999999999544e-01 -2.506534673857360174e-01 -9.083178178717956144e-03 9.680342634233983778e-01 8.334403700000000015e+01
9.527267745663510201e-01 8.538442103510578401e-04 3.038271942642093992e-01 -4.892714999999999925e+00 -2.948384980104636413e-03 9.999749474324196585e-01 6.435179371117961955e-03 -9.290239999999999609e-01 -3.038140879722437959e-01 -7.026767222117064060e-03 9.527054237758908473e-01 8.372745899999999608e+01
9.331160668972514616e-01 8.568683141546770948e-04 3.595742920105612916e-01 -4.714159000000000432e+00 -2.863307010616009639e-03 9.999831620697611223e-01 5.047479561598497422e-03 -9.351329999999999920e-01 -3.595639124984140733e-01 -5.739455867414181359e-03 9.331028086310633185e-01 8.409776100000000554e+01
9.088714275922205044e-01 1.642447117979450215e-03 4.170731716065465000e-01 -4.517642999999999631e+00 -3.406431238160768579e-03 9.999881247582215194e-01 3.485192785956413037e-03 -9.329119999999999635e-01 -4.170624945169474906e-01 -4.588323223165639668e-03 9.088662294074419945e-01 8.444951199999999858e+01
8.800611978752179709e-01 1.841906247406523579e-03 4.748567103619915075e-01 -4.293110999999999677e+00 -3.316100640756587756e-03 9.999919321569320507e-01 2.266957782195869273e-03 -9.337159999999999904e-01 -4.748487037688708945e-01 -3.569734222830809548e-03 8.800602056260704575e-01 8.477823300000000017e+01
8.465239088338991635e-01 5.317565298946129795e-04 5.323504381585209000e-01 -4.051520000000000010e+00 -1.024845121070804563e-03 9.999992758998367259e-01 6.307870322229214375e-04 -9.357299999999999507e-01 -5.323497172583584458e-01 -1.079553053405747512e-03 8.465238408338838783e-01 8.508643800000000113e+01
8.093270038866479110e-01 3.301508853330468660e-04 5.873582312186106380e-01 -3.793115999999999932e+00 -5.981597614267526123e-04 9.999997867500094451e-01 2.621160723554935134e-04 -9.446179999999999577e-01 -5.873580194266200261e-01 -5.634716749677708700e-04 8.093270287806467733e-01 8.538133700000000204e+01
7.698566880135245816e-01 -8.215989432220432119e-04 6.382162681223529921e-01 -3.510514999999999830e+00 7.395343389280479782e-05 9.999992795097867315e-01 1.198128038687833880e-03 -9.448849999999999749e-01 -6.382167926745082598e-01 -8.751885990864569261e-04 7.698561940993784436e-01 8.564746800000000349e+01
7.267559286205281799e-01 -1.366579254565445257e-03 6.868944261500848913e-01 -3.227018000000000164e+00 -2.143372577876930495e-03 9.999886408784646186e-01 4.257237136178741548e-03 -9.533660000000000467e-01 -6.868924414847683568e-01 -4.566243005167982573e-03 7.267447442231087518e-01 8.590449800000000380e+01
6.822966793423168586e-01 -2.712490466119197620e-03 7.310703685377482053e-01 -2.921069000000000138e+00 -1.898073101323084809e-03 9.999831741100162485e-01 5.481679975965027263e-03 -9.605519999999999614e-01 -7.310729366328299061e-01 -5.127757046514063582e-03 6.822800505882626876e-01 8.611816000000000315e+01
6.358303155935524087e-01 -4.338671857969132913e-03 7.718166788160981673e-01 -2.604190000000000005e+00 1.442157413742298569e-03 9.999891331733388178e-01 4.433251315723441346e-03 -9.630410000000000359e-01 -7.718275260407582161e-01 -1.705714437777371747e-03 6.358296631835126389e-01 8.632179299999999955e+01
5.893585186516504537e-01 -6.916390209242715727e-03 8.078420019033460964e-01 -2.274569000000000063e+00 6.412534338111575312e-03 9.999719001565408050e-01 3.883078762997481045e-03 -9.676329999999999654e-01 -8.078461585574909787e-01 2.891789029406123882e-03 5.893863093592475177e-01 8.649558700000000044e+01
5.428861181144220005e-01 -4.829127419264844095e-03 8.397924400034941783e-01 -1.939178000000000068e+00 4.351058117198667100e-03 9.999862194532928017e-01 2.937549450078870243e-03 -9.707810000000000050e-01 -8.397950530051452311e-01 2.059230895116804898e-03 5.428996486609712901e-01 8.666365600000000313e+01
4.962122342251771845e-01 -1.605547382661468188e-03 8.681997701121901834e-01 -1.601733999999999991e+00 2.765425843046742617e-04 9.999985316399133684e-01 1.691225063712938764e-03 -9.699929999999999941e-01 -8.682012106242751326e-01 -5.991123593230658281e-04 4.962119496091603743e-01 8.681126100000000179e+01
4.510967533575215294e-01 7.129786812161167898e-04 8.924747675826492088e-01 -1.260745000000000005e+00 -5.851516352437000990e-04 9.999997022358090293e-01 -5.031161466363100404e-04 -9.713249999999999940e-01 -8.924748605467087703e-01 -2.952790093553420386e-04 4.510970362377029197e-01 8.694021499999999492e+01
4.087673005635928947e-01 -2.047130889201134469e-03 9.126363477558163684e-01 -9.057079999999999576e-01 6.577240208002436278e-03 9.999781226955628544e-01 -7.028808605589994055e-04 -9.735200000000000520e-01 -9.126149428434751076e-01 6.289943193732568279e-03 4.087718223085100577e-01 8.705167099999999891e+01
3.689682726021704662e-01 -9.434171186451109636e-03 9.293941092060971076e-01 -5.393329999999999513e-01 2.196745417420240681e-02 9.997576674202448554e-01 1.427372248378078190e-03 -9.683159999999999545e-01 -9.291823528081419870e-01 1.988976743091427565e-02 3.690861042920329238e-01 8.714443099999999731e+01
3.335341214226102413e-01 -1.308660391457101141e-02 9.426471930923207010e-01 -1.651729999999999865e-01 2.553902706251622717e-02 9.996621007763948352e-01 4.841731924127248843e-03 -9.702549999999999786e-01 -9.423920351655928895e-01 2.245940937131214385e-02 3.337556396334663278e-01 8.724481699999999762e+01
2.997430862943230578e-01 -9.049365738596052561e-03 9.539770391358919355e-01 2.023089999999999888e-01 2.183823411753575694e-02 9.997580790906356318e-01 2.621988487757458131e-03 -9.778480000000000505e-01 -9.537699794758596195e-01 2.004725100185457409e-02 2.998681943419256868e-01 8.735061100000000067e+01
2.687695546288630943e-01 -1.376873804288599075e-03 9.632035250782303715e-01 5.753399999999999626e-01 1.079005522205348996e-02 9.999405351134501574e-01 -1.581437742022799749e-03 -9.867200000000000415e-01 -9.631440708496871173e-01 1.081806154326743485e-02 2.687684288221711126e-01 8.745731100000000424e+01
2.407160910366847317e-01 2.980046954623844901e-03 9.705909966799439736e-01 9.558799999999999519e-01 6.373109356843556506e-03 9.999688760942911925e-01 -4.650840767628357415e-03 -9.960329999999999462e-01 -9.705746478211474404e-01 7.305214772226615964e-03 2.406896068466343186e-01 8.754288699999999324e+01
2.149208115033015565e-01 4.519355327419927182e-03 9.766210217941179161e-01 1.346465999999999941e+00 7.833286548277227507e-03 9.999491499960062590e-01 -6.351145102818299762e-03 -1.005889000000000033e+00 -9.766000636927149037e-01 9.015145572257552559e-03 2.148744813738850956e-01 8.760922100000000512e+01
1.916967279429965532e-01 5.534731582911288882e-03 9.814386028897855718e-01 1.743260000000000032e+00 1.540847238884963943e-02 9.998438821154098655e-01 -8.648142865866492376e-03 -1.013344000000000023e+00 -9.813332479207005354e-01 1.678029030414859846e-02 1.915815188965722671e-01 8.765419400000000394e+01
1.719902513779061060e-01 1.165460491213558478e-02 9.850297069709657016e-01 2.148927000000000032e+00 2.265781074676929616e-02 9.996186817995087459e-01 -1.578336496366315733e-02 -1.008636000000000088e+00 -9.848380460985086682e-01 2.503320158818342356e-02 1.716606005323211281e-01 8.769047899999999629e+01
1.523744362299215560e-01 1.857326254256540243e-02 9.881483011684728535e-01 2.567521999999999860e+00 2.458062862360166356e-02 9.994429046797959071e-01 -2.257593811297457440e-02 -1.001567000000000096e+00 -9.880171171999412305e-01 2.772930225839121895e-02 1.518330066756916619e-01 8.773466500000000678e+01
1.350957635900563170e-01 1.928998289828489851e-02 9.906447553082806667e-01 3.006749999999999812e+00 2.238409260935015840e-02 9.994958890675404994e-01 -2.251488696713354817e-02 -1.008992000000000111e+00 -9.905796722414990096e-01 2.521634979275629365e-02 1.345958715750735779e-01 8.778850400000000320e+01
1.197140710987136120e-01 1.491147520170892256e-02 9.926964234287743993e-01 3.468894999999999840e+00 2.065102012127384076e-02 9.996334690159319747e-01 -1.750608440298802998e-02 -1.026148999999999978e+00 -9.925936109752683256e-01 2.259591844742359079e-02 1.193622550079986855e-01 8.784390700000000152e+01
1.054955145517814802e-01 1.167631729643581195e-02 9.943512256863006327e-01 3.944256000000000206e+00 2.031729373034751873e-02 9.996970272311564987e-01 -1.389465079313540775e-02 -1.040184999999999915e+00 -9.942122026936354162e-01 2.166834925833878434e-02 1.052263211154367273e-01 8.788493300000000374e+01
9.222455770182169665e-02 9.116519312203804487e-03 9.956964999598693078e-01 4.430780999999999636e+00 2.285707928961553878e-02 9.996752172857218399e-01 -1.127004308301712832e-02 -1.050437000000000065e+00 -9.954758585134307891e-01 2.379808858658713500e-02 9.198622775488385361e-02 8.792288899999999785e+01
8.066525599667037638e-02 8.445445921079182752e-03 9.967054684901580641e-01 4.935018999999999600e+00 2.660775542182163694e-02 9.995895021776711742e-01 -1.062329928073688090e-02 -1.056945999999999941e+00 -9.963860415654185454e-01 2.737702648918816095e-02 8.040742872524986318e-02 8.795320499999999697e+01
6.259400605313251986e-02 9.582499987386288581e-03 9.979930691644168794e-01 5.976135000000000197e+00 3.208898964418670230e-02 9.994175967077210121e-01 -1.160879556966525061e-02 -1.070854999999999890e+00 -9.975230759986638551e-01 3.275123028154428018e-02 6.225005835506958185e-02 8.800440899999999544e+01
5.718291330793310451e-02 9.737410621489105134e-03 9.983162310911336546e-01 6.524058000000000135e+00 3.405841521399643329e-02 9.993513761069964252e-01 -1.169835142931323346e-02 -1.082292000000000032e+00 -9.977826109823363376e-01 3.467001452900200092e-02 5.681418233003421303e-02 8.802717800000000636e+01
4.561667441547962581e-02 1.125547129681107872e-02 9.988956068484626805e-01 7.659811000000000369e+00 3.622849948185313806e-02 9.992600881044245709e-01 -1.291402907039742275e-02 -1.103159999999999918e+00 -9.983018655900455229e-01 3.677758403463126519e-02 4.517515325939847060e-02 8.807039600000000235e+01
4.127039727255925328e-02 1.094905673557674750e-02 9.990880203793687242e-01 8.266258999999999801e+00 3.889611129891609731e-02 9.991643628074217132e-01 -1.255661664068917320e-02 -1.118001000000000023e+00 -9.983906283788860359e-01 3.937885539525015632e-02 4.081003446424069647e-02 8.809055800000000147e+01
3.546192710259274405e-02 1.029881198734358683e-02 9.993179605099770102e-01 9.533661999999999637e+00 4.156790673971753197e-02 9.990663369148218287e-01 -1.177130293883436873e-02 -1.137739000000000056e+00 -9.985061646557064075e-01 4.195698887252292952e-02 3.500071755410794072e-02 8.812888200000000438e+01
3.284735692271917307e-02 9.506814649176704296e-03 9.994151647930989979e-01 1.019253499999999946e+01 4.365821467660427335e-02 9.989866507819867847e-01 -1.093763459987149439e-02 -1.149890000000000079e+00 -9.985063902822267634e-01 4.399195420318322003e-02 3.239902052442333868e-02 8.815271900000000471e+01
3.229241418640706185e-02 9.209392812841221687e-03 9.994360345064774442e-01 1.087142599999999959e+01 4.823868056500747042e-02 9.987778582446873443e-01 -1.076195045065175826e-02 -1.156743999999999994e+00 -9.983136930260754216e-01 4.855900497512177783e-02 3.180869932055363503e-02 8.816459899999999550e+01
3.319802662000147925e-02 8.618390239562821048e-03 9.994116341018929317e-01 1.155975600000000014e+01 5.169202142115789100e-02 9.986096613865101945e-01 -1.032855783321359397e-02 -1.170490000000000030e+00 -9.981111290582486140e-01 5.200449533644271871e-02 3.270636810882066037e-02 8.818426900000000046e+01
4.360518454401880739e-02 8.522807377427089881e-03 9.990124872269061651e-01 1.374373199999999962e+01 5.552994762971903003e-02 9.983970712607862508e-01 -1.094134425586410983e-02 -1.189427000000000012e+00 -9.975043923698394543e-01 5.595221043258204185e-02 4.306201749320781591e-02 8.827610500000000116e+01
5.631601372587185378e-02 2.263413668616560265e-03 9.984104284093751058e-01 1.605297200000000046e+01 5.422517921413652631e-02 9.985145484739054167e-01 -5.322257523596999468e-03 -1.244483999999999924e+00 -9.969393845852525526e-01 5.443871273751271778e-02 5.610962500552274523e-02 8.837732699999999397e+01
6.707993741761072992e-02 6.013596618882326855e-03 9.977294816992002824e-01 1.846799800000000147e+01 4.946660517757824060e-02 9.987320553244307675e-01 -9.345407409192998949e-03 -1.282084000000000001e+00 -9.965206154256193161e-01 4.998117968939485428e-02 6.669741155848107894e-02 8.857083799999999485e+01
6.880516403162194317e-02 1.120927160030050010e-02 9.975671414159409389e-01 1.927128700000000094e+01 4.415425958554747288e-02 9.989228046992106869e-01 -1.426995488131291463e-02 -1.299182999999999977e+00 -9.966525225789745202e-01 4.502868510242458849e-02 6.823611034425247635e-02 8.862465299999999502e+01
6.857745212385590872e-02 1.456082764091287153e-02 9.975395307247788557e-01 2.007966499999999854e+01 4.093500049822786785e-02 9.990103551230988810e-01 -1.739643903303087630e-02 -1.314543000000000017e+00 -9.968056273890163466e-01 4.202728465213406706e-02 6.791353731295524110e-02 8.868346800000000485e+01
6.870640495160779126e-02 1.279977426512653345e-02 9.975548083676343269e-01 2.170997500000000002e+01 3.518513243562418347e-02 9.992645265125507104e-01 -1.524508147356102954e-02 -1.352184000000000053e+00 -9.970162668553174123e-01 3.614653278545165022e-02 6.820551145968334339e-02 8.880778300000000058e+01
6.909285525442108999e-02 1.059785659441096067e-02 9.975539397889194859e-01 2.335973999999999862e+01 3.316377071014470906e-02 9.993664943587547977e-01 -1.291411109515143776e-02 -1.404727999999999977e+00 -9.970588456380475861e-01 3.397492293879804393e-02 6.869761965473164533e-02 8.892718800000000101e+01
6.990600565777901898e-02 1.123962249762479500e-02 9.974902612352092302e-01 2.500120799999999832e+01 3.002978685649886764e-02 9.994596301950344763e-01 -1.336635746036250912e-02 -1.445410000000000084e+00 -9.971014804293132361e-01 3.088880859657470307e-02 6.953070709518460735e-02 8.904836600000000146e+01
6.911269715499882005e-02 1.239032809039956017e-02 9.975319117009610048e-01 2.580901199999999918e+01 2.744282791849381176e-02 9.995208515353206646e-01 -1.431637321193483803e-02 -1.462631999999999932e+00 -9.972313303781613625e-01 2.836453976217002959e-02 6.873955627062866558e-02 8.910000800000000254e+01
6.649258802621116349e-02 1.166397464235243396e-02 9.977187416467224734e-01 2.661875399999999914e+01 2.418114614336836637e-02 9.996191486842045393e-01 -1.329773495973164514e-02 -1.485516999999999976e+00 -9.974938635945435061e-01 2.501018351409615981e-02 6.618521596113147165e-02 8.915622600000000375e+01
6.262782206705268251e-02 9.988260741817437879e-03 9.979869691286008537e-01 2.741623200000000082e+01 2.149490729303833725e-02 9.997044802403328712e-01 -1.135434488948676782e-02 -1.512887000000000093e+00 -9.978054544166418127e-01 2.216273527250631550e-02 6.239461756946285131e-02 8.920855799999999647e+01
5.789406862482864707e-02 7.605563364503172517e-03 9.982937604853453495e-01 2.822841299999999976e+01 2.074487052658676237e-02 9.997458994748457117e-01 -8.819684238492050271e-03 -1.526264999999999983e+00 -9.981071721838786770e-01 2.122008221332048403e-02 5.772158128430937563e-02 8.926110099999999647e+01
5.150997042672259690e-02 5.357219553113986774e-03 9.986581112399265381e-01 2.904583999999999833e+01 1.865150721929961092e-02 9.998060364412733048e-01 -6.325407025615067264e-03 -1.550858999999999988e+00 -9.984982945529182752e-01 1.895230050023001891e-02 5.140005915037848538e-02 8.931188500000000374e+01
4.404173569175053732e-02 5.432767988670768322e-03 9.990149200833985388e-01 2.985379700000000014e+01 1.788221330692836217e-02 9.998207187879277758e-01 -6.225490312966396045e-03 -1.570880000000000054e+00 -9.988696371221338355e-01 1.813877929665054511e-02 4.393668991997345952e-02 8.934989400000000614e+01
3.517117616931968171e-02 6.759673932815461923e-03 9.993584417891253624e-01 3.066811799999999977e+01 1.736623628623699261e-02 9.998220031942500752e-01 -7.373992533725721825e-03 -1.581520000000000037e+00 -9.992304049637986685e-01 1.761444682523048005e-02 3.504752571757185908e-02 8.938296800000000530e+01
2.516003162604628710e-02 6.919128904559332036e-03 9.996594912587878357e-01 3.146757500000000007e+01 1.814142657102179451e-02 9.998082176909047769e-01 -7.376752653069726211e-03 -1.601863000000000037e+00 -9.995188149557489021e-01 1.832084858674505948e-02 2.502968350812662113e-02 8.940102899999999408e+01
1.471952066741857162e-02 5.692117147051437009e-03 9.998754600017472072e-01 3.226362499999999756e+01 1.938698669426253823e-02 9.997941885880325952e-01 -5.977057178400040430e-03 -1.617065999999999892e+00 -9.997036963311869417e-01 1.947255165564130974e-02 1.460613822269440920e-02 8.941447300000000098e+01
3.941623053820497539e-03 5.160659395654829812e-03 9.999789153788711804e-01 3.306777799999999701e+01 1.864668632705574619e-02 9.998124392404972305e-01 -5.233300009311076841e-03 -1.624630000000000019e+00 -9.998183658528791984e-01 1.866692086470349288e-02 3.844654563015303950e-03 8.942414599999999325e+01
-7.430784275927178849e-03 4.234876886557983541e-03 9.999634239624967114e-01 3.385999400000000037e+01 1.995478807716428299e-02 9.997925345367195682e-01 -4.085868015251282320e-03 -1.638033000000000072e+00 -9.997732692355000284e-01 1.992369700628596543e-02 -7.513748715628931762e-03 8.942586599999999919e+01
-1.863357753348644438e-02 4.383918274833240036e-03 9.998167687375835166e-01 3.464985000000000070e+01 1.944894226623564149e-02 9.998027640943417671e-01 -4.021387078910895578e-03 -1.653642999999999974e+00 -9.996371984040147707e-01 1.937044578406449044e-02 -1.871516489637314873e-02 8.941642600000000130e+01
-2.975531847206262445e-02 4.864414566002701369e-03 9.995453759052443932e-01 3.543918399999999735e+01 2.010558791978836121e-02 9.997887563748015793e-01 -4.267078734620930597e-03 -1.673030999999999935e+00 -9.993549851564387243e-01 1.996947914838678381e-02 -2.984683476545468839e-02 8.940203300000000297e+01
-4.045246666516903039e-02 5.907619986302790546e-03 9.991639995350120040e-01 3.622435300000000069e+01 1.981501382918778725e-02 9.997906093011506012e-01 -5.109087999173217258e-03 -1.690679999999999961e+00 -9.989849664372597582e-01 1.959177325643686809e-02 -4.056105586662994700e-02 8.937810600000000250e+01
-5.079720783047139004e-02 7.254131100346318528e-03 9.986826429144580741e-01 3.699445599999999956e+01 2.041111315028140694e-02 9.997722991467180575e-01 -6.223850805717104535e-03 -1.695659999999999945e+00 -9.985003906542021523e-01 2.006807018286522679e-02 -5.093370615360015563e-02 8.934221800000000258e+01
-6.035381908482546909e-02 8.133250169428982851e-03 9.981439108483093348e-01 3.776300799999999924e+01 2.027795355789798262e-02 9.997704301471934674e-01 -6.920375914601595291e-03 -1.704132999999999898e+00 -9.979710522461960887e-01 1.982264475233183262e-02 -6.050488933667230729e-02 8.929570900000000222e+01
-7.004946791286498220e-02 8.221893644336314422e-03 9.975096352968354507e-01 3.851871599999999773e+01 2.098006823428733708e-02 9.997569919828755980e-01 -6.767105602612701748e-03 -1.727618000000000098e+00 -9.973228708808442589e-01 2.045378806611349715e-02 -7.020494122024012462e-02 8.924328500000000020e+01
-7.921738048105055052e-02 8.460552332119640473e-03 9.968214612878053549e-01 3.926689499999999811e+01 2.220305947213769768e-02 9.997308914937284019e-01 -6.720769541635408968e-03 -1.744558000000000053e+00 -9.966100695757579286e-01 2.160008443017116461e-02 -7.938391255671572999e-02 8.918182099999999934e+01
-8.736140658593960495e-02 7.993752731321135396e-03 9.961446102632870447e-01 4.000391900000000334e+01 2.430393141828559450e-02 9.996872601572924788e-01 -5.890738223769233575e-03 -1.759743999999999975e+00 -9.958801652593251008e-01 2.369560711347572929e-02 -8.752836481154202541e-02 8.910778200000000027e+01
-9.962965131100547100e-02 5.060225113865932101e-03 9.950117218914781292e-01 4.145784400000000147e+01 2.883554270261535352e-02 9.995817566520539543e-01 -2.196188844281878744e-03 -1.791188999999999920e+00 -9.946066780676131591e-01 2.847289746743562888e-02 -9.973389620944217437e-02 8.894643000000000654e+01
-1.059583913468310351e-01 2.350599114050588509e-03 9.943677860766594323e-01 4.287922799999999768e+01 3.357696446980631272e-02 9.994353958209388766e-01 1.215334207809611738e-03 -1.810521999999999965e+00 -9.938035051056045566e-01 3.351662668062423134e-02 -1.059774927792052068e-01 8.878372000000000241e+01
-1.074980340231730253e-01 2.531362646429516361e-03 9.942020744719379799e-01 4.491413500000000170e+01 3.613176057120649765e-02 9.993461062413057094e-01 1.362284245610780042e-03 -1.848546999999999940e+00 -9.935485235051066955e-01 3.606871419240077759e-02 -1.075192043187130908e-01 8.856387700000000507e+01
-9.096280710937387770e-02 5.362516826916814000e-03 9.958398521529773229e-01 4.675335199999999958e+01 3.588015756614522378e-02 9.993538849108232203e-01 -2.104045311709313443e-03 -1.878899000000000097e+00 -9.952077079764863887e-01 3.553950093805720301e-02 -9.109644261584748381e-02 8.838136099999999828e+01
-4.922163437816215459e-02 7.309385954328851895e-03 9.987611343990681068e-01 4.841769099999999781e+01 3.387648261621173384e-02 9.994100871468031277e-01 -5.644611126807721341e-03 -1.912500000000000089e+00 -9.982132110099004585e-01 3.355667722212730963e-02 -4.944021418960409253e-02 8.830632199999999443e+01
-2.709771058674821220e-03 1.293393583009428728e-02 9.999126814101083616e-01 4.946848399999999657e+01 3.108601663948149657e-02 9.994341919282213604e-01 -1.284350319317070083e-02 -1.941270999999999969e+00 -9.995130397900268138e-01 3.104849929909832967e-02 -3.110302392765440516e-03 8.831408199999999908e+01
5.866797684390257644e-02 1.475918866839035989e-02 9.981684401156419861e-01 5.050314600000000098e+01 2.847471577198564321e-02 9.994591166239712443e-01 -1.645189226002876509e-02 -1.961654000000000009e+00 -9.978713639817248238e-01 2.938776185900892485e-02 5.821598060816490783e-02 8.840296700000000385e+01
9.662905819812749042e-02 1.247655130037783611e-02 9.952422623559512571e-01 5.099736300000000000e+01 2.870149986667441810e-02 9.994706786161110523e-01 -1.531621663642331217e-02 -1.973100000000000076e+00 -9.949065529069281988e-01 3.004493724905415997e-02 9.621981463583384464e-02 8.847860500000000172e+01
1.386529327602236961e-01 8.414905898072189833e-03 9.903052830292864428e-01 5.149382200000000154e+01 2.707916169957914551e-02 9.995578024881431878e-01 -1.228488855147987294e-02 -1.996274000000000104e+00 -9.899707486782811650e-01 2.851997271739272269e-02 1.383637521808448456e-01 8.857735999999999876e+01
1.838642143091799297e-01 3.210998184256413576e-03 9.829464075864607908e-01 5.197692099999999726e+01 2.469274861540950161e-02 9.996639950341380532e-01 -7.884490991993165637e-03 -2.027140999999999860e+00 -9.826414497985948016e-01 2.572132428642295507e-02 1.837231466491593412e-01 8.870065800000000422e+01
2.321709736750831032e-01 -7.575302077102163967e-05 9.726749884952546887e-01 5.245221500000000248e+01 2.080168679262167294e-02 9.997716757068291216e-01 -4.887359301348157339e-03 -2.038718999999999948e+00 -9.724525329337908586e-01 2.136798342938914935e-02 2.321195391922356022e-01 8.884926299999999344e+01
2.839284002605252932e-01 -2.071243184360901934e-03 9.588432476047220598e-01 5.290746000000000038e+01 1.742678412910811034e-02 9.998436397777844542e-01 -3.000531757754930709e-03 -2.057259000000000171e+00 -9.586871078305040372e-01 1.756149047157070514e-02 2.839201002606199786e-01 8.901336600000000487e+01
