9.999978e-01 5.272628e-04 -2.066935e-03 -0.003602 -5.296506e-04 9.999992e-01 -1.154865e-03 -0.005011 2.066324e-03 1.155958e-03 9.999971e-01 0.824493
9.999910e-01 1.048972e-03 -4.131348e-03 -0.046 -1.058514e-03 9.999968e-01 -2.308104e-03 -0.030898 4.128913e-03 2.312456e-03 9.999887e-01 1.632675
9.999796e-01 1.566466e-03 -6.198571e-03 -0.088777 -1.587952e-03 9.999927e-01 -3.462706e-03 -0.055834 6.193102e-03 3.472479e-03 9.999747e-01 2.441911
9.999637e-01 2.078471e-03 -8.263498e-03 -0.136764 -2.116664e-03 9.999871e-01 -4.615826e-03 -0.080656 8.253797e-03 4.633149e-03 9.999551e-01 3.250309
9.999433e-01 2.586172e-03 -1.033094e-02 -0.184295 -2.645881e-03 9.999798e-01 -5.770163e-03 -0.106377 1.031581e-02 5.797170e-03 9.999299e-01 4.058862
9.999184e-01 3.088363e-03 -1.239599e-02 -0.231092 -3.174350e-03 9.999710e-01 -6.922975e-03 -0.131839 1.237425e-02 6.961759e-03 9.998991e-01 4.866683
9.998890e-01 3.586305e-03 -1.446384e-02 -0.276794 -3.703403e-03 9.999605e-01 -8.077186e-03 -0.157388 1.443430e-02 8.129853e-03 9.998627e-01 5.675258
9.998551e-01 4.078705e-03 -1.652913e-02 -0.320939 -4.231669e-03 9.999484e-01 -9.229794e-03 -0.183088 1.649063e-02 9.298401e-03 9.998207e-01 6.48206
9.998167e-01 4.566671e-03 -1.859652e-02 -0.358927 -4.760342e-03 9.999347e-01 -1.038342e-02 -0.208623 1.854788e-02 1.047004e-02 9.997731e-01 7.289302
9.997738e-01 5.049868e-03 -2.066463e-02 -0.397638 -5.289072e-03 9.999194e-01 -1.153730e-02 -0.235283 2.060470e-02 1.164399e-02 9.997198e-01 8.096063
9.997264e-01 5.527315e-03 -2.272922e-02 -0.436025 -5.816781e-03 9.999025e-01 -1.268908e-02 -0.262785 2.265686e-02 1.281782e-02 9.996611e-01 8.901239
9.996745e-01 6.000540e-03 -2.479692e-02 -0.47547 -6.345160e-03 9.998840e-01 -1.384246e-02 -0.291514 2.471098e-02 1.399530e-02 9.995966e-01 9.70757
9.996182e-01 6.468772e-03 -2.686440e-02 -0.517316 -6.873365e-03 9.998639e-01 -1.499561e-02 -0.321107 2.676374e-02 1.517453e-02 9.995266e-01 10.513108
9.995562e-01 7.058450e-03 -2.894213e-02 -0.563349 -7.530449e-03 9.998399e-01 -1.623192e-02 -0.351988 2.882292e-02 1.644266e-02 9.994492e-01 11.316523
9.995095e-01 5.595311e-03 -3.081450e-02 -0.609302 -6.093682e-03 9.998517e-01 -1.610315e-02 -0.378326 3.071983e-02 1.628303e-02 9.993953e-01 12.117967
9.994226e-01 7.842768e-03 -3.306167e-02 -0.657083 -8.456089e-03 9.997940e-01 -1.845198e-02 -0.407883 3.291014e-02 1.872089e-02 9.992829e-01 12.926945
9.993587e-01 8.704386e-03 -3.473400e-02 -0.705042 -9.439421e-03 9.997338e-01 -2.105422e-02 -0.437536 3.454149e-02 2.136859e-02 9.991747e-01 13.742789
9.992482e-01 1.235688e-02 -3.674849e-02 -0.75658 -1.320676e-02 9.996488e-01 -2.297477e-02 -0.469005 3.645169e-02 2.344282e-02 9.990604e-01 14.568797
9.991826e-01 1.352279e-02 -3.809783e-02 -0.803427 -1.439161e-02 9.996404e-01 -2.262373e-02 -0.500354 3.777819e-02 2.315352e-02 9.990178e-01 15.405325
9.991241e-01 1.328777e-02 -3.967996e-02 -0.844132 -1.412604e-02 9.996813e-01 -2.092052e-02 -0.535764 3.938933e-02 2.146271e-02 9.989934e-01 16.251903
9.990604e-01 1.351433e-02 -4.118029e-02 -0.885947 -1.432436e-02 9.997084e-01 -1.943894e-02 -0.56769 4.090558e-02 2.001055e-02 9.989626e-01 17.102274
9.990174e-01 1.304822e-02 -4.235654e-02 -0.932005 -1.386115e-02 9.997242e-01 -1.895579e-02 -0.599681 4.209752e-02 1.952427e-02 9.989227e-01 17.959501
9.989383e-01 1.325999e-02 -4.411963e-02 -0.974367 -1.413494e-02 9.997084e-01 -1.957870e-02 -0.629352 4.384715e-02 2.018154e-02 9.988343e-01 18.819192
9.989120e-01 1.152857e-02 -4.518863e-02 -1.017788 -1.247777e-02 9.997062e-01 -2.077977e-02 -0.659723 4.493579e-02 2.132101e-02 9.987623e-01 19.68317
9.988800e-01 1.128892e-02 -4.595003e-02 -1.055865 -1.218132e-02 9.997417e-01 -1.918760e-02 -0.688281 4.572155e-02 1.972584e-02 9.987594e-01 20.559822
9.988593e-01 1.299421e-02 -4.594914e-02 -1.104171 -1.370812e-02 9.997896e-01 -1.525610e-02 -0.717513 4.574123e-02 1.586857e-02 9.988272e-01 21.440067
9.988876e-01 1.379030e-02 -4.509495e-02 -1.151478 -1.432558e-02 9.998304e-01 -1.156850e-02 -0.746005 4.492776e-02 1.220164e-02 9.989157e-01 22.320177
9.989649e-01 1.285173e-02 -4.363580e-02 -1.196869 -1.325687e-02 9.998715e-01 -9.007757e-03 -0.769256 4.351442e-02 9.576906e-03 9.990068e-01 23.205565
9.990298e-01 1.265253e-02 -4.218321e-02 -1.243166 -1.299403e-02 9.998849e-01 -7.831284e-03 -0.789369 4.207926e-02 8.371815e-03 9.990791e-01 24.093608
9.990746e-01 1.289592e-02 -4.103309e-02 -1.290031 -1.333334e-02 9.998570e-01 -1.040438e-02 -0.805124 4.089305e-02 1.094186e-02 9.991036e-01 24.984698
9.990967e-01 1.391010e-02 -4.015465e-02 -1.338027 -1.454998e-02 9.997711e-01 -1.568743e-02 -0.826804 3.992724e-02 1.625751e-02 9.990703e-01 25.879875
9.991533e-01 1.320645e-02 -3.896502e-02 -1.384182 -1.396325e-02 9.997178e-01 -1.921474e-02 -0.849562 3.870026e-02 1.974255e-02 9.990558e-01 26.781487
9.992105e-01 1.079096e-02 -3.823584e-02 -1.428848 -1.148611e-02 9.997718e-01 -1.800793e-02 -0.873835 3.803279e-02 1.843289e-02 9.991064e-01 27.692625
9.992215e-01 9.086312e-03 -3.839229e-02 -1.47642 -9.596057e-03 9.998679e-01 -1.311391e-02 -0.895817 3.826806e-02 1.347211e-02 9.991766e-01 28.610583
9.992105e-01 5.838117e-03 -3.929763e-02 -1.525064 -6.198498e-03 9.999398e-01 -9.054940e-03 -0.912725 3.924239e-02 9.291377e-03 9.991865e-01 29.53422
9.991830e-01 -1.840283e-03 -4.037463e-02 -1.564509 1.460769e-03 9.999545e-01 -9.427292e-03 -0.930526 4.039014e-02 9.360611e-03 9.991401e-01 30.456568
9.991063e-01 -4.894794e-03 -4.198475e-02 -1.610489 4.337365e-03 9.999014e-01 -1.335777e-02 -0.946993 4.204599e-02 1.316373e-02 9.990289e-01 31.377783
9.990442e-01 -4.076714e-03 -4.352240e-02 -1.664637 3.306848e-03 9.998370e-01 -1.774634e-02 -0.967663 4.358766e-02 1.758545e-02 9.988948e-01 32.302713
9.989620e-01 -3.501086e-03 -4.541814e-02 -1.723836 2.639355e-03 9.998156e-01 -1.901940e-02 -1.001028 4.547635e-02 1.887978e-02 9.987869e-01 33.252418
9.989126e-01 -3.564847e-03 -4.648700e-02 -1.794028 2.782576e-03 9.998536e-01 -1.688161e-02 -1.047825 4.654037e-02 1.673390e-02 9.987762e-01 34.244231
9.988708e-01 -2.386257e-04 -4.750925e-02 -1.864179 -4.151975e-04 9.999053e-01 -1.375168e-02 -1.091802 4.750803e-02 1.375587e-02 9.987761e-01 35.221747
9.988085e-01 2.160348e-06 -4.880145e-02 -1.933772 -6.257569e-04 9.999183e-01 -1.276297e-02 -1.135532 4.879743e-02 1.277830e-02 9.987269e-01 36.200748
9.987592e-01 8.809214e-04 -4.979299e-02 -2.002863 -1.403287e-03 9.999443e-01 -1.045676e-02 -1.168586 4.978101e-02 1.051366e-02 9.987048e-01 37.169295
9.987569e-01 4.894213e-04 -4.984526e-02 -2.073663 -8.210333e-04 9.999776e-01 -6.632571e-03 -1.202557 4.984090e-02 6.665250e-03 9.987349e-01 38.140319
9.987132e-01 6.466500e-03 -5.030151e-02 -2.15222 -6.722014e-03 9.999653e-01 -4.912121e-03 -1.228188 5.026800e-02 5.243927e-03 9.987219e-01 39.099221
9.987143e-01 6.952179e-03 -5.021498e-02 -2.236465 -7.192513e-03 9.999635e-01 -4.606971e-03 -1.249136 5.018112e-02 4.962219e-03 9.987278e-01 40.054701
9.987083e-01 6.676282e-03 -5.037160e-02 -2.306912 -7.006772e-03 9.999550e-01 -6.387280e-03 -1.271939 5.032669e-02 6.731971e-03 9.987101e-01 41.001409
9.987013e-01 8.983148e-03 -5.015069e-02 -2.382349 -9.456170e-03 9.999129e-01 -9.202712e-03 -1.298742 5.006365e-02 9.664992e-03 9.986992e-01 41.943412
9.986535e-01 8.808468e-03 -5.112439e-02 -2.451441 -9.296065e-03 9.999135e-01 -9.307503e-03 -1.329473 5.103798e-02 9.770225e-03 9.986489e-01 42.881811
9.986012e-01 6.863746e-03 -5.242779e-02 -2.518547 -7.280160e-03 9.999434e-01 -7.755765e-03 -1.357897 5.237159e-02 8.126598e-03 9.985945e-01 43.81891
9.985540e-01 7.061951e-03 -5.329345e-02 -2.598416 -7.431486e-03 9.999497e-01 -6.738977e-03 -1.385656 5.324317e-02 7.125281e-03 9.985561e-01 44.750829
9.985154e-01 9.830435e-03 -5.357609e-02 -2.673625 -1.032218e-02 9.999070e-01 -8.909522e-03 -1.415293 5.348352e-02 9.449317e-03 9.985240e-01 45.676592
9.984686e-01 1.023790e-02 -5.436634e-02 -2.747613 -1.103255e-02 9.998363e-01 -1.433651e-02 -1.443399 5.421067e-02 1.491435e-02 9.984181e-01 46.595191
9.984385e-01 1.064895e-02 -5.483888e-02 -2.818053 -1.149460e-02 9.998195e-01 -1.512829e-02 -1.469917 5.466788e-02 1.573501e-02 9.983805e-01 47.518899
9.984274e-01 1.026893e-02 -5.511221e-02 -2.886286 -1.093885e-02 9.998697e-01 -1.186763e-02 -1.502169 5.498316e-02 1.245183e-02 9.984096e-01 48.442934
9.984356e-01 7.566176e-03 -5.540070e-02 -2.961124 -8.064009e-03 9.999290e-01 -8.767995e-03 -1.525569 5.533043e-02 9.201029e-03 9.984256e-01 49.366978
9.984285e-01 6.348755e-03 -5.568046e-02 -3.028894 -6.799312e-03 9.999456e-01 -7.906116e-03 -1.55116 5.562724e-02 8.272279e-03 9.984173e-01 50.280653
9.984326e-01 3.282949e-03 -5.587138e-02 -3.093885 -3.779690e-03 9.999542e-01 -8.787440e-03 -1.574052 5.583997e-02 8.984842e-03 9.983992e-01 51.186826
9.984068e-01 -1.460363e-04 -5.642638e-02 -3.15499 -4.508913e-04 9.999441e-01 -1.056600e-02 -1.596545 5.642476e-02 1.057461e-02 9.983508e-01 52.09279
9.983367e-01 -1.591214e-03 -5.763218e-02 -3.220757 1.036802e-03 9.999529e-01 -9.648457e-03 -1.618219 5.764481e-02 9.572654e-03 9.982912e-01 52.993162
9.982641e-01 -4.382863e-03 -5.873397e-02 -3.290824 4.075329e-03 9.999773e-01 -5.354817e-03 -1.633295 5.875611e-02 5.106161e-03 9.982593e-01 53.896009
9.982268e-01 -5.964740e-03 -5.922694e-02 -3.358999 5.986946e-03 9.999820e-01 1.974663e-04 -1.647355 5.922470e-02 -5.517038e-04 9.982445e-01 54.798469
9.982022e-01 -4.407760e-03 -5.977459e-02 -3.430153 4.547914e-03 9.999872e-01 2.208854e-03 -1.662548 5.976408e-02 -2.476732e-03 9.982094e-01 55.690768
9.981161e-01 -2.919496e-03 -6.128511e-02 -3.495214 2.920554e-03 9.999957e-01 -7.231076e-05 -1.681411 6.128506e-02 -1.068112e-04 9.981202e-01 56.572518
9.980242e-01 -1.762043e-03 -6.280674e-02 -3.552801 1.227247e-03 9.999627e-01 -8.552514e-03 -1.702528 6.281946e-02 8.458535e-03 9.979890e-01 57.439083
9.979547e-01 -9.592105e-04 -6.391830e-02 -3.599821 5.024105e-05 9.998989e-01 -1.422089e-02 -1.730779 6.392547e-02 1.418860e-02 9.978538e-01 58.294568
9.978643e-01 4.204986e-03 -6.518610e-02 -3.658239 -5.092497e-03 9.998965e-01 -1.345487e-02 -1.760835 6.512277e-02 1.375809e-02 9.977824e-01 59.148953
9.977905e-01 7.492613e-03 -6.601519e-02 -3.709528 -8.206300e-03 9.999107e-01 -1.054641e-02 -1.796643 6.593028e-02 1.106485e-02 9.977628e-01 59.992465
9.976764e-01 1.025448e-02 -6.735521e-02 -3.759807 -1.087073e-02 9.999023e-01 -8.789172e-03 -1.832543 6.725849e-02 9.500949e-03 9.976903e-01 60.821579
9.975909e-01 1.034502e-02 -6.859620e-02 -3.806502 -1.103350e-02 9.998924e-01 -9.665437e-03 -1.864271 6.848883e-02 1.039901e-02 9.975976e-01 61.638084
9.974616e-01 1.183547e-02 -7.021661e-02 -3.855751 -1.248174e-02 9.998836e-01 -8.772233e-03 -1.895188 7.010461e-02 9.626390e-03 9.974931e-01 62.441731
9.973396e-01 1.318380e-02 -7.169363e-02 -3.890244 -1.380046e-02 9.998718e-01 -8.112825e-03 -1.932807 7.157748e-02 9.080646e-03 9.973937e-01 63.235462
9.972258e-01 1.296774e-02 -7.329823e-02 -3.937897 -1.352350e-02 9.998834e-01 -7.090915e-03 -1.963905 7.319772e-02 8.062491e-03 9.972848e-01 64.015787
9.971241e-01 1.256612e-02 -7.473754e-02 -3.985458 -1.307757e-02 9.998942e-01 -6.357728e-03 -1.992816 7.464974e-02 7.316829e-03 9.971829e-01 64.785144
9.969894e-01 1.489953e-02 -7.609372e-02 -4.036784 -1.525772e-02 9.998751e-01 -4.127928e-03 -2.021586 7.602271e-02 5.276517e-03 9.970921e-01 65.543045
9.968772e-01 1.677181e-02 -7.716622e-02 -4.089548 -1.677976e-02 9.998590e-01 5.454462e-04 -2.047851 7.716449e-02 7.510882e-04 9.970180e-01 66.291173
9.966886e-01 1.928865e-02 -7.899331e-02 -4.128042 -1.916694e-02 9.998136e-01 2.298764e-03 -2.083924 7.902292e-02 -7.770902e-04 9.968724e-01 67.025637
9.964961e-01 2.232345e-02 -8.060564e-02 -4.184667 -2.246983e-02 9.997471e-01 -9.091952e-04 -2.114479 8.056495e-02 2.717205e-03 9.967456e-01 67.735907
9.963707e-01 2.284027e-02 -8.199948e-02 -4.238934 -2.361073e-02 9.996856e-01 -8.438421e-03 -2.145681 8.178096e-02 1.034386e-02 9.965966e-01 68.425014
9.962563e-01 2.164989e-02 -8.369451e-02 -4.293598 -2.291184e-02 9.996374e-01 -1.414702e-02 -2.172347 8.335788e-02 1.601165e-02 9.963910e-01 69.097449
9.962035e-01 2.236698e-02 -8.413330e-02 -4.350839 -2.381956e-02 9.995833e-01 -1.630112e-02 -2.201544 8.373364e-02 1.824325e-02 9.963211e-01 69.753049
9.960873e-01 2.480834e-02 -8.482128e-02 -4.409997 -2.599143e-02 9.995793e-01 -1.287207e-02 -2.236731 8.446625e-02 1.502633e-02 9.963130e-01 70.394333
9.959529e-01 2.606958e-02 -8.601342e-02 -4.469056 -2.697536e-02 9.995920e-01 -9.385091e-03 -2.272072 8.573366e-02 1.166735e-02 9.962497e-01 71.013229
9.959075e-01 2.291063e-02 -8.742661e-02 -4.5225 -2.409575e-02 9.996312e-01 -1.252425e-02 -2.301794 8.710742e-02 1.457961e-02 9.960922e-01 71.607721
9.960426e-01 1.503549e-02 -8.759638e-02 -4.569305 -1.662384e-02 9.997098e-01 -1.743140e-02 -2.328465 8.730887e-02 1.881860e-02 9.960035e-01 72.183615
9.961635e-01 1.044107e-02 -8.688679e-02 -4.619643 -1.249941e-02 9.996532e-01 -2.317957e-02 -2.356357 8.661463e-02 2.417667e-02 9.959484e-01 72.742062
9.963973e-01 1.211154e-02 -8.393973e-02 -4.68278 -1.414999e-02 9.996182e-01 -2.373245e-02 -2.378092 8.362024e-02 2.483469e-02 9.961881e-01 73.286211
9.966394e-01 1.770654e-02 -7.997749e-02 -4.740684 -1.941041e-02 9.995998e-01 -2.057726e-02 -2.401917 7.958113e-02 2.206050e-02 9.965842e-01 73.819678
9.970121e-01 1.664848e-02 -7.543122e-02 -4.787089 -1.801913e-02 9.996840e-01 -1.752686e-02 -2.421775 7.511558e-02 1.883369e-02 9.969969e-01 74.339864
9.974633e-01 1.217037e-02 -7.013516e-02 -4.819768 -1.315774e-02 9.998205e-01 -1.363335e-02 -2.442077 6.995665e-02 1.452158e-02 9.974443e-01 74.848811
9.980240e-01 7.887781e-03 -6.233726e-02 -4.850594 -8.483336e-03 9.999208e-01 -9.294846e-03 -2.46207 6.225900e-02 9.805306e-03 9.980118e-01 75.346955
9.985955e-01 1.068615e-02 -5.189267e-02 -4.891843 -1.122407e-02 9.998861e-01 -1.008572e-02 -2.471763 5.177898e-02 1.065400e-02 9.986017e-01 75.829492
9.991827e-01 1.624761e-02 -3.701415e-02 -4.925905 -1.664974e-02 9.998054e-01 -1.058172e-02 -2.48639 3.683502e-02 1.118935e-02 9.992587e-01 76.301245
9.995878e-01 2.136933e-02 -1.917552e-02 -4.947266 -2.156744e-02 9.997155e-01 -1.018473e-02 -2.50016 1.895242e-02 1.059410e-02 9.997642e-01 76.759835
9.997985e-01 1.993349e-02 2.394767e-03 -4.944142 -1.990872e-02 9.997522e-01 -9.958356e-03 -2.512086 -2.592678e-03 9.908671e-03 9.999475e-01 77.205171
9.994836e-01 1.619025e-02 2.775764e-02 -4.924804 -1.594000e-02 9.998305e-01 -9.213406e-03 -2.526238 -2.790210e-02 8.766190e-03 9.995722e-01 77.635718
9.982814e-01 1.472502e-02 5.672377e-02 -4.901497 -1.430176e-02 9.998668e-01 -7.860647e-03 -2.538379 -5.683196e-02 7.035887e-03 9.983589e-01 78.059496
9.959138e-01 1.420072e-02 8.918593e-02 -4.857411 -1.367050e-02 9.998851e-01 -6.553178e-03 -2.554261 -8.926873e-02 5.307184e-03 9.959934e-01 78.479597
9.920007e-01 1.389449e-02 1.254661e-01 -4.797132 -1.324753e-02 9.998943e-01 -5.989348e-03 -2.570199 -1.255360e-01 4.279320e-03 9.920798e-01 78.886784
9.859899e-01 1.389745e-02 1.662252e-01 -4.719726 -1.302694e-02 9.998951e-01 -6.326123e-03 -2.585772 -1.662957e-01 4.072087e-03 9.860675e-01 79.292132
9.775146e-01 1.346779e-02 2.104374e-01 -4.621444 -1.236226e-02 9.999020e-01 -6.568159e-03 -2.604428 -2.105053e-01 3.818988e-03 9.775852e-01 79.68503
9.660755e-01 1.536344e-02 2.578024e-01 -4.505425 -1.364848e-02 9.998712e-01 -8.440597e-03 -2.626945 -2.578989e-01 4.635642e-03 9.661607e-01 80.052956
9.507397e-01 1.607587e-02 3.095733e-01 -4.37618 -1.319900e-02 9.998480e-01 -1.138540e-02 -2.654675 -3.097093e-01 6.738488e-03 9.508074e-01 80.41561
9.313823e-01 1.599263e-02 3.636913e-01 -4.214102 -1.189395e-02 9.998380e-01 -1.350660e-02 -2.67399 -3.638483e-01 8.254080e-03 9.314216e-01 80.746483
9.076306e-01 1.642664e-02 4.194484e-01 -4.028641 -1.094447e-02 9.998204e-01 -1.547307e-02 -2.690711 -4.196272e-01 9.453184e-03 9.076472e-01 81.071205
8.794214e-01 1.652575e-02 4.757573e-01 -3.823134 -9.195858e-03 9.998005e-01 -1.773051e-02 -2.707655 -4.759554e-01 1.121759e-02 8.793978e-01 81.376703
8.470020e-01 1.463490e-02 5.313884e-01 -3.596806 -4.922887e-03 9.997940e-01 -1.968841e-02 -2.725983 -5.315670e-01 1.406015e-02 8.468995e-01 81.645277
8.111527e-01 1.400217e-02 5.846668e-01 -3.360134 -2.514888e-03 9.997876e-01 -2.045480e-02 -2.756674 -5.848290e-01 1.512159e-02 8.110156e-01 81.912069
7.722941e-01 1.213857e-02 6.351492e-01 -3.103937 -7.665609e-05 9.998192e-01 -1.901471e-02 -2.779085 -6.352652e-01 1.463625e-02 7.721553e-01 82.147073
7.306835e-01 1.139090e-02 6.826214e-01 -2.828019 -2.276654e-04 9.998648e-01 -1.644104e-02 -2.798312 -6.827163e-01 1.185778e-02 7.305872e-01 82.381024
6.869081e-01 1.002390e-02 7.266752e-01 -2.53976 1.642222e-03 9.998809e-01 -1.534491e-02 -2.816598 -7.267424e-01 1.173390e-02 6.868098e-01 82.593051
6.415606e-01 8.605910e-03 7.670241e-01 -2.234981 5.801600e-03 9.998540e-01 -1.607086e-02 -2.834135 -7.670504e-01 1.476039e-02 6.414170e-01 82.76896
5.961032e-01 5.416591e-03 8.028896e-01 -1.919067 1.299442e-02 9.997812e-01 -1.639257e-02 -2.861529 -8.028026e-01 2.020475e-02 5.959023e-01 82.936611
5.506435e-01 6.831839e-03 8.347126e-01 -1.601005 1.267694e-02 9.997827e-01 -1.654562e-02 -2.880967 -8.346443e-01 1.969233e-02 5.504372e-01 83.082458
5.045001e-01 9.750747e-03 8.633566e-01 -1.274036 8.934955e-03 9.998237e-01 -1.651313e-02 -2.896754 -8.633654e-01 1.604492e-02 5.043240e-01 83.231342
4.602983e-01 1.148164e-02 8.876901e-01 -0.936999 8.704640e-03 9.998099e-01 -1.744550e-02 -2.91273 -8.877216e-01 1.575715e-02 4.601108e-01 83.361044
4.188673e-01 9.627242e-03 9.079964e-01 -0.592475 1.561927e-02 9.997194e-01 -1.780508e-02 -2.924585 -9.079131e-01 2.164020e-02 4.185994e-01 83.455561
3.806252e-01 1.378826e-03 9.247284e-01 -0.233804 3.173796e-02 9.993902e-01 -1.455374e-02 -2.92719 -9.241845e-01 3.488851e-02 3.803494e-01 83.532796
3.461082e-01 -2.337058e-03 9.381917e-01 0.118912 3.764494e-02 9.992261e-01 -1.139850e-02 -2.931462 -9.374390e-01 3.926327e-02 3.459283e-01 83.61742
3.138409e-01 1.002432e-03 9.494751e-01 0.470936 3.611653e-02 9.992631e-01 -1.299301e-02 -2.938773 -9.487884e-01 3.836947e-02 3.135734e-01 83.705575
2.833112e-01 8.752363e-03 9.589881e-01 0.823935 2.492263e-02 9.995534e-01 -1.648542e-02 -2.954268 -9.587041e-01 2.857100e-02 2.829665e-01 83.803105
2.551133e-01 1.327093e-02 9.668201e-01 1.183297 1.946154e-02 9.996327e-01 -1.885662e-02 -2.973561 -9.667153e-01 2.362638e-02 2.547613e-01 83.885792
2.298762e-01 1.514276e-02 9.731021e-01 1.557956 2.080734e-02 9.995739e-01 -2.047003e-02 -2.985742 -9.729974e-01 2.495324e-02 2.294632e-01 83.949363
2.067350e-01 1.580712e-02 9.782693e-01 1.941209 2.747050e-02 9.993815e-01 -2.195352e-02 -2.995519 -9.780112e-01 3.141210e-02 2.061729e-01 83.9978
1.870149e-01 2.174817e-02 9.821163e-01 2.337357 3.631700e-02 9.989184e-01 -2.903574e-02 -2.991736 -9.816855e-01 4.109762e-02 1.860228e-01 84.036293
1.677054e-01 2.973015e-02 9.853888e-01 2.737521 3.891920e-02 9.985663e-01 -3.675147e-02 -2.990205 -9.850686e-01 4.451395e-02 1.663079e-01 84.078369
1.501195e-01 3.105637e-02 9.881800e-01 3.15578 3.662397e-02 9.986458e-01 -3.694904e-02 -3.000558 -9.879892e-01 4.173784e-02 1.487788e-01 84.126789
1.346625e-01 2.612444e-02 9.905471e-01 3.590702 3.409387e-02 9.989383e-01 -3.098074e-02 -3.018846 -9.903048e-01 3.794352e-02 1.336289e-01 84.170964
1.200339e-01 2.244059e-02 9.925162e-01 4.030295 3.438479e-02 9.990507e-01 -2.674681e-02 -3.033499 -9.921741e-01 3.733797e-02 1.191484e-01 84.202733
1.066450e-01 2.015680e-02 9.940929e-01 4.485316 3.689254e-02 9.990258e-01 -2.421462e-02 -3.049163 -9.936124e-01 3.925697e-02 1.057975e-01 84.228297
9.481660e-02 1.910255e-02 9.953115e-01 4.950967 4.091002e-02 9.988965e-01 -2.306858e-02 -3.062039 -9.946538e-01 4.290548e-02 9.393048e-02 84.247215
8.451437e-02 1.970806e-02 9.962274e-01 5.433453 4.433756e-02 9.987397e-01 -2.351912e-02 -3.076846 -9.954353e-01 4.615798e-02 8.353405e-02 84.263959
7.611140e-02 2.033196e-02 9.968920e-01 5.931406 4.662512e-02 9.986258e-01 -2.392709e-02 -3.093374 -9.960086e-01 4.830132e-02 7.505883e-02 84.279724
7.011217e-02 2.055161e-02 9.973274e-01 6.44494 4.845902e-02 9.985372e-01 -2.398322e-02 -3.108304 -9.963613e-01 5.001101e-02 6.901370e-02 84.294266
6.433620e-02 2.169879e-02 9.976924e-01 6.97486 4.999818e-02 9.984379e-01 -2.493915e-02 -3.119748 -9.966749e-01 5.148728e-02 6.315079e-02 84.31021
5.805224e-02 2.266708e-02 9.980562e-01 7.522739 5.045707e-02 9.983978e-01 -2.560970e-02 -3.127593 -9.970376e-01 5.184568e-02 5.681551e-02 84.326835
5.340714e-02 2.263529e-02 9.983163e-01 8.08764 5.292689e-02 9.982736e-01 -2.546577e-02 -3.136068 -9.971692e-01 5.419782e-02 5.211692e-02 84.341905
4.996154e-02 2.243890e-02 9.984991e-01 8.667901 5.465687e-02 9.981880e-01 -2.516676e-02 -3.143956 -9.972544e-01 5.583219e-02 4.864457e-02 84.350028
4.649404e-02 2.206005e-02 9.986750e-01 9.265797 5.576839e-02 9.981395e-01 -2.464457e-02 -3.150626 -9.973606e-01 5.684031e-02 4.517728e-02 84.362809
4.330615e-02 2.144658e-02 9.988317e-01 9.881523 5.731411e-02 9.980697e-01 -2.391518e-02 -3.165282 -9.974165e-01 5.828281e-02 4.199336e-02 84.367922
4.207275e-02 2.108560e-02 9.988921e-01 10.516909 6.197780e-02 9.977967e-01 -2.367295e-02 -3.180951 -9.971903e-01 6.290510e-02 4.067321e-02 84.371776
4.227179e-02 2.071974e-02 9.988913e-01 11.165365 6.595748e-02 9.975460e-01 -2.348308e-02 -3.19781 -9.969266e-01 6.687701e-02 4.080144e-02 84.372395
4.410340e-02 2.054931e-02 9.988156e-01 11.834541 6.780199e-02 9.974216e-01 -2.351448e-02 -3.216014 -9.967235e-01 6.875874e-02 4.259640e-02 84.38034
4.733313e-02 2.077681e-02 9.986631e-01 12.52333 7.020740e-02 9.972418e-01 -2.407483e-02 -3.235967 -9.964088e-01 7.125306e-02 4.574389e-02 84.390701
5.107260e-02 2.062413e-02 9.984820e-01 13.221701 7.097170e-02 9.971840e-01 -2.422755e-02 -3.254181 -9.961699e-01 7.210131e-02 4.946505e-02 84.40364
5.485120e-02 1.873660e-02 9.983188e-01 13.938047 7.237751e-02 9.971191e-01 -2.269077e-02 -3.275655 -9.958678e-01 7.350043e-02 5.333707e-02 84.426032
5.870203e-02 1.722669e-02 9.981269e-01 14.665264 7.228987e-02 9.971527e-01 -2.146141e-02 -3.298458 -9.956546e-01 7.341427e-02 5.728957e-02 84.453204
6.263966e-02 1.506436e-02 9.979225e-01 15.406914 6.951846e-02 9.973916e-01 -1.942003e-02 -3.322039 -9.956121e-01 7.059048e-02 6.142902e-02 84.489305
6.659830e-02 1.396403e-02 9.976822e-01 16.158201 6.848000e-02 9.974803e-01 -1.853246e-02 -3.353045 -9.954271e-01 6.955549e-02 6.547424e-02 84.526231
7.057071e-02 1.479215e-02 9.973971e-01 16.91408 6.595721e-02 9.976326e-01 -1.946245e-02 -3.385115 -9.953237e-01 6.715900e-02 6.942799e-02 84.568186
7.390613e-02 1.816167e-02 9.970998e-01 17.672143 6.387777e-02 9.976948e-01 -2.290720e-02 -3.421144 -9.952173e-01 6.538548e-02 7.257563e-02 84.613206
7.513596e-02 2.442768e-02 9.968741e-01 18.435812 5.827767e-02 9.978836e-01 -2.884490e-02 -3.457035 -9.954688e-01 6.026278e-02 7.355335e-02 84.662865
7.474794e-02 2.749119e-02 9.968235e-01 19.206343 5.566893e-02 9.979460e-01 -3.169656e-02 -3.48968 -9.956473e-01 5.786133e-02 7.306400e-02 84.707682
7.476584e-02 2.757564e-02 9.968198e-01 19.981855 5.324229e-02 9.980814e-01 -3.160395e-02 -3.527515 -9.957787e-01 5.543585e-02 7.315419e-02 84.753262
7.451993e-02 2.494887e-02 9.969074e-01 20.765118 5.043155e-02 9.983135e-01 -2.875388e-02 -3.567482 -9.959434e-01 5.241831e-02 7.313604e-02 84.796716
7.437195e-02 2.433854e-02 9.969336e-01 21.538968 5.132069e-02 9.982840e-01 -2.820007e-02 -3.604768 -9.959091e-01 5.326060e-02 7.299525e-02 84.835998
7.447614e-02 2.322760e-02 9.969523e-01 22.313384 4.903232e-02 9.984342e-01 -2.692503e-02 -3.64415 -9.960166e-01 5.088814e-02 7.322062e-02 84.875974
7.410208e-02 2.327013e-02 9.969792e-01 23.084455 4.734121e-02 9.985185e-01 -2.682478e-02 -3.688285 -9.961263e-01 4.918596e-02 7.289066e-02 84.913024
7.412396e-02 2.412341e-02 9.969572e-01 23.851755 4.481095e-02 9.986170e-01 -2.749528e-02 -3.727652 -9.962417e-01 4.671265e-02 7.294045e-02 84.954671
7.273598e-02 2.538877e-02 9.970281e-01 24.621226 4.182689e-02 9.987188e-01 -2.848322e-02 -3.761223 -9.964737e-01 4.377433e-02 7.158085e-02 84.997326
6.992106e-02 2.548140e-02 9.972271e-01 25.384027 3.897825e-02 9.988405e-01 -2.825561e-02 -3.789686 -9.967907e-01 4.084581e-02 6.884676e-02 85.043676
6.591466e-02 2.417630e-02 9.975324e-01 26.147812 3.637502e-02 9.989837e-01 -2.661506e-02 -3.822253 -9.971620e-01 3.803957e-02 6.496825e-02 85.08576
6.089788e-02 2.167742e-02 9.979086e-01 26.912726 3.431028e-02 9.991278e-01 -2.379771e-02 -3.856134 -9.975541e-01 3.568775e-02 6.010101e-02 85.125107
5.454557e-02 1.931204e-02 9.983245e-01 27.676953 3.223633e-02 9.992577e-01 -2.109140e-02 -3.891351 -9.979907e-01 3.333275e-02 5.388253e-02 85.158805
4.700058e-02 1.930296e-02 9.987084e-01 28.437869 3.172229e-02 9.992801e-01 -2.080691e-02 -3.928432 -9.983910e-01 3.265924e-02 4.635441e-02 85.186669
3.816210e-02 2.033872e-02 9.990646e-01 29.194739 3.120822e-02 9.992809e-01 -2.153522e-02 -3.961969 -9.987841e-01 3.200084e-02 3.749992e-02 85.202131
2.806847e-02 2.112184e-02 9.993829e-01 29.950594 3.180308e-02 9.992517e-01 -2.201229e-02 -3.995341 -9.990999e-01 3.240129e-02 2.737573e-02 85.206047
1.781185e-02 2.023573e-02 9.996366e-01 30.703111 3.296529e-02 9.992397e-01 -2.081509e-02 -4.028871 -9.992977e-01 3.332406e-02 1.713123e-02 85.203125
6.968081e-03 1.874427e-02 9.998001e-01 31.451157 3.197931e-02 9.993087e-01 -1.895795e-02 -4.060197 -9.994642e-01 3.210501e-02 6.363835e-03 85.194313
-4.213761e-03 1.806636e-02 9.998279e-01 32.204598 3.337770e-02 9.992822e-01 -1.791584e-02 -4.087679 -9.994339e-01 3.329646e-02 -4.813748e-03 85.177651
-1.536171e-02 1.808549e-02 9.997185e-01 32.948799 3.379189e-02 9.992746e-01 -1.755822e-02 -4.116533 -9.993108e-01 3.351264e-02 -1.596171e-02 85.150264
-2.648072e-02 1.872506e-02 9.994740e-01 33.686044 3.400306e-02 9.992628e-01 -1.782022e-02 -4.147202 -9.990708e-01 3.351327e-02 -2.709790e-02 85.11526
-3.725612e-02 1.985515e-02 9.991085e-01 34.418724 3.374649e-02 9.992573e-01 -1.859973e-02 -4.17831 -9.987357e-01 3.302344e-02 -3.789849e-02 85.072018
-4.758921e-02 2.088992e-02 9.986486e-01 35.143507 3.458039e-02 9.992164e-01 -1.925393e-02 -4.208943 -9.982682e-01 3.361737e-02 -4.827430e-02 85.019403
-5.718399e-02 2.164931e-02 9.981289e-01 35.861815 3.548667e-02 9.991771e-01 -1.963898e-02 -4.241884 -9.977327e-01 3.429723e-02 -5.790519e-02 84.95815
-6.683215e-02 2.208670e-02 9.975198e-01 36.570649 3.617941e-02 9.991511e-01 -1.969887e-02 -4.271163 -9.971080e-01 3.477315e-02 -6.757450e-02 84.889133
-7.637784e-02 2.219893e-02 9.968318e-01 37.274136 3.679438e-02 9.991339e-01 -1.943100e-02 -4.297574 -9.963998e-01 3.519370e-02 -7.712847e-02 84.817638
-8.502155e-02 2.197809e-02 9.961367e-01 37.969363 3.826025e-02 9.990913e-01 -1.877773e-02 -4.322942 -9.956442e-01 3.651592e-02 -8.578518e-02 84.737577
-9.242347e-02 2.068885e-02 9.955049e-01 38.656846 3.988263e-02 9.990587e-01 -1.705998e-02 -4.348045 -9.949207e-01 3.812660e-02 -9.316159e-02 84.653304
-9.778459e-02 1.924550e-02 9.950215e-01 39.335166 4.272773e-02 9.989723e-01 -1.512291e-02 -4.375916 -9.942899e-01 4.103621e-02 -9.850640e-02 84.565311
-1.017231e-01 1.749021e-02 9.946590e-01 40.006062 4.579707e-02 9.988677e-01 -1.288059e-02 -4.406923 -9.937580e-01 4.424220e-02 -1.024090e-01 84.474061
-1.045887e-01 1.626385e-02 9.943826e-01 40.666907 4.754502e-02 9.988048e-01 -1.133542e-02 -4.434416 -9.933784e-01 4.609237e-02 -1.052369e-01 84.385417
-1.064238e-01 1.554435e-02 9.941994e-01 41.313769 4.803206e-02 9.987908e-01 -1.047457e-02 -4.461745 -9.931600e-01 4.663869e-02 -1.070417e-01 84.298986
-1.074152e-01 1.566224e-02 9.940909e-01 41.94842 4.845889e-02 9.987700e-01 -1.049981e-02 -4.487311 -9.930325e-01 4.704469e-02 -1.080420e-01 84.213734
-1.066568e-01 1.685791e-02 9.941530e-01 42.566203 4.949480e-02 9.987067e-01 -1.162513e-02 -4.511026 -9.930632e-01 4.796549e-02 -1.073532e-01 84.129729
-1.039437e-01 1.811139e-02 9.944183e-01 43.172624 5.064114e-02 9.986336e-01 -1.289480e-02 -4.533116 -9.932931e-01 4.901813e-02 -1.047188e-01 84.047266
-9.900439e-02 1.888729e-02 9.949078e-01 43.758512 5.067771e-02 9.986181e-01 -1.391474e-02 -4.553773 -9.937957e-01 4.904201e-02 -9.982473e-02 83.977358
-9.158105e-02 1.937642e-02 9.956091e-01 44.325847 4.996096e-02 9.986409e-01 -1.483978e-02 -4.575277 -9.945435e-01 4.838254e-02 -9.242464e-02 83.918079
-8.067749e-02 1.959419e-02 9.965477e-01 44.874414 4.891325e-02 9.986800e-01 -1.567626e-02 -4.599448 -9.955393e-01 4.747965e-02 -8.152941e-02 83.869048
-6.719239e-02 1.967589e-02 9.975460e-01 45.40402 4.841075e-02 9.986922e-01 -1.643767e-02 -4.624615 -9.965648e-01 4.718745e-02 -6.805703e-02 83.83095
-5.072110e-02 2.086047e-02 9.984950e-01 45.914684 4.714178e-02 9.987174e-01 -1.847044e-02 -4.652108 -9.975996e-01 4.613398e-02 -5.163944e-02 83.80701
-3.001449e-02 2.349433e-02 9.992733e-01 46.418028 4.565938e-02 9.987123e-01 -2.210970e-02 -4.680077 -9.985060e-01 4.496258e-02 -3.104857e-02 83.802229
-6.012730e-03 2.652506e-02 9.996301e-01 46.914382 4.359308e-02 9.987047e-01 -2.623831e-02 -4.706404 -9.990312e-01 4.341918e-02 -7.161249e-03 83.81207
2.161174e-02 2.824599e-02 9.993674e-01 47.406855 4.145875e-02 9.987156e-01 -2.912415e-02 -4.729353 -9.989064e-01 4.206193e-02 2.041294e-02 83.831288
5.426707e-02 2.797547e-02 9.981345e-01 47.899547 3.943816e-02 9.987674e-01 -3.013741e-02 -4.751931 -9.977473e-01 4.100004e-02 5.309688e-02 83.873675
9.163408e-02 2.556617e-02 9.954645e-01 48.38944 3.803664e-02 9.988509e-01 -2.915448e-02 -4.771447 -9.950660e-01 4.053566e-02 9.055633e-02 83.937986
1.328286e-01 2.208643e-02 9.908929e-01 48.86833 3.578779e-02 9.989928e-01 -2.706431e-02 -4.795701 -9.904927e-01 3.905678e-02 1.319044e-01 84.01484
1.770684e-01 1.742295e-02 9.840444e-01 49.340775 3.263936e-02 9.991893e-01 -2.356422e-02 -4.81934 -9.836571e-01 3.629105e-02 1.763561e-01 84.125233
2.245365e-01 1.412619e-02 9.743633e-01 49.808899 2.803140e-02 9.993875e-01 -2.094867e-02 -4.844243 -9.740624e-01 3.201650e-02 2.240030e-01 84.260608
2.747903e-01 1.261810e-02 9.614214e-01 50.252974 2.372844e-02 9.995203e-01 -1.990011e-02 -4.869583 -9.612113e-01 2.828138e-02 2.743591e-01 84.410828
3.285181e-01 1.239074e-02 9.444164e-01 50.68563 2.179716e-02 9.995481e-01 -2.069628e-02 -4.88663 -9.442461e-01 2.738469e-02 3.280996e-01 84.597432
3.855813e-01 1.285007e-02 9.225844e-01 51.101037 2.342307e-02 9.994444e-01 -2.370995e-02 -4.908479 -9.223765e-01 3.075187e-02 3.850661e-01 84.803669
4.443980e-01 1.583459e-02 8.956895e-01 51.482943 2.326734e-02 9.993024e-01 -2.921047e-02 -4.930101 -8.955272e-01 3.382138e-02 4.437196e-01 85.014062
5.031692e-01 1.924202e-02 8.639737e-01 51.851559 2.368969e-02 9.990692e-01 -3.604743e-02 -4.953886 -8.638631e-01 3.860521e-02 5.022450e-01 85.268347
5.605451e-01 2.352431e-02 8.277897e-01 52.185556 1.882847e-02 9.989760e-01 -4.113899e-02 -4.973571 -8.279098e-01 3.864626e-02 5.595281e-01 85.529507
6.156356e-01 2.682680e-02 7.875742e-01 52.501993 1.377101e-02 9.989015e-01 -4.478976e-02 -4.990455 -7.879106e-01 3.841985e-02 6.145899e-01 85.832742
6.681238e-01 2.787792e-02 7.435277e-01 52.801177 1.109601e-02 9.988134e-01 -4.742037e-02 -5.012149 -7.439674e-01 3.993286e-02 6.670216e-01 86.158164
7.170289e-01 2.626286e-02 6.965485e-01 53.069361 9.622649e-03 9.988218e-01 -4.756544e-02 -5.035292 -6.969770e-01 4.080842e-02 7.159313e-01 86.481644
7.622181e-01 2.264837e-02 6.469240e-01 53.321601 6.903411e-03 9.990465e-01 -4.310967e-02 -5.059606 -6.472835e-01 3.732494e-02 7.613349e-01 86.847753
8.038727e-01 1.798655e-02 5.945294e-01 53.546401 4.662333e-03 9.993214e-01 -3.653692e-02 -5.084354 -5.947831e-01 3.214292e-02 8.032433e-01 87.232977
8.408561e-01 1.529420e-02 5.410427e-01 53.734579 1.699980e-03 9.995211e-01 -3.089649e-02 -5.106823 -5.412561e-01 2.689926e-02 8.404274e-01 87.616275
8.725465e-01 1.221869e-02 4.883783e-01 53.902817 -4.511298e-04 9.997069e-01 -2.420557e-02 -5.121731 -4.885309e-01 2.090016e-02 8.722962e-01 88.030169
8.986353e-01 1.248378e-02 4.385189e-01 54.054877 -4.757360e-03 9.998135e-01 -1.871374e-02 -5.142765 -4.386707e-01 1.473063e-02 8.985271e-01 88.452946
9.196509e-01 1.403544e-02 3.924860e-01 54.183089 -8.629860e-03 9.998421e-01 -1.553372e-02 -5.15976 -3.926420e-01 1.089850e-02 9.196268e-01 88.871152
9.354383e-01 2.009299e-02 3.529185e-01 54.295636 -1.677232e-02 9.997816e-01 -1.246502e-02 -5.171492 -3.530919e-01 5.740989e-03 9.355710e-01 89.314121
9.478455e-01 2.467478e-02 3.177737e-01 54.395423 -2.141611e-02 9.996761e-01 -1.374446e-02 -5.179578 -3.180099e-01 6.222142e-03 9.480669e-01 89.749449
9.575689e-01 2.703186e-02 2.869340e-01 54.484559 -2.398075e-02 9.996123e-01 -1.414319e-02 -5.188036 -2.872051e-01 6.662179e-03 9.578459e-01 90.195654
9.641795e-01 2.129999e-02 2.643943e-01 54.587457 -1.820981e-02 9.997343e-01 -1.413344e-02 -5.202101 -2.646251e-01 8.812601e-03 9.643110e-01 90.643174
9.684686e-01 1.824212e-02 2.484671e-01 54.684585 -1.542480e-02 9.997928e-01 -1.328105e-02 -5.222162 -2.486579e-01 9.029716e-03 9.685492e-01 91.095629
9.715089e-01 2.227795e-02 2.359539e-01 54.772952 -1.962485e-02 9.997151e-01 -1.358695e-02 -5.238281 -2.361893e-01 8.569285e-03 9.716692e-01 91.561178
9.736636e-01 2.774803e-02 2.262947e-01 54.859388 -2.542298e-02 9.995898e-01 -1.318291e-02 -5.249166 -2.265677e-01 7.082631e-03 9.739696e-01 92.038042
9.747832e-01 3.487426e-02 2.204121e-01 54.936298 -3.249051e-02 9.993678e-01 -1.443214e-02 -5.274505 -2.207760e-01 6.906903e-03 9.753000e-01 92.522573
9.751968e-01 4.130161e-02 2.174521e-01 55.029319 -3.824103e-02 9.991016e-01 -1.826602e-02 -5.299459 -2.180111e-01 9.497371e-03 9.759000e-01 93.016164
9.753059e-01 4.290914e-02 2.166502e-01 55.133166 -3.946071e-02 9.990165e-01 -2.022010e-02 -5.328935 -2.173047e-01 1.117161e-02 9.760398e-01 93.517028
9.748460e-01 4.206880e-02 2.188736e-01 55.246721 -3.790111e-02 9.990119e-01 -2.320746e-02 -5.357324 -2.196337e-01 1.432814e-02 9.754771e-01 94.02641
9.740428e-01 4.025106e-02 2.227568e-01 55.3685 -3.435475e-02 9.989508e-01 -3.028340e-02 -5.382985 -2.237420e-01 2.184457e-02 9.744035e-01 94.541998
9.731349e-01 4.014621e-02 2.267087e-01 55.487958 -3.294070e-02 9.988274e-01 -3.547901e-02 -5.416279 -2.278672e-01 2.705792e-02 9.733161e-01 95.066906
9.718871e-01 4.493798e-02 2.311193e-01 55.609759 -3.793231e-02 9.986787e-01 -3.466905e-02 -5.446095 -2.323718e-01 2.492751e-02 9.723075e-01 95.611951
9.703452e-01 4.844800e-02 2.368188e-01 55.732224 -4.230693e-02 9.986252e-01 -3.094804e-02 -5.476867 -2.379925e-01 2.001121e-02 9.710608e-01 96.164737
9.692780e-01 4.541030e-02 2.417398e-01 55.869796 -4.019101e-02 9.988410e-01 -2.648059e-02 -5.50452 -2.426622e-01 1.595128e-02 9.699797e-01 96.723283
9.685083e-01 4.085678e-02 2.456065e-01 56.012758 -3.690930e-02 9.991051e-01 -2.065604e-02 -5.529316 -2.462306e-01 1.094038e-02 9.691495e-01 97.28994
9.677060e-01 3.817011e-02 2.491753e-01 56.145813 -3.530703e-02 9.992492e-01 -1.595117e-02 -5.560967 -2.495970e-01 6.638405e-03 9.683270e-01 97.863906
9.670771e-01 3.374565e-02 2.522366e-01 56.293374 -3.096203e-02 9.994080e-01 -1.499784e-02 -5.591435 -2.525933e-01 6.694307e-03 9.675493e-01 98.453389
9.670770e-01 3.012062e-02 2.526952e-01 56.450655 -2.652167e-02 9.994926e-01 -1.763722e-02 -5.627672 -2.530982e-01 1.035465e-02 9.673851e-01 99.05268
9.672372e-01 2.935759e-02 2.521715e-01 56.609574 -2.413441e-02 9.994258e-01 -2.378160e-02 -5.669538 -2.527249e-01 1.691644e-02 9.673902e-01 99.655148
9.674264e-01 3.108975e-02 2.512362e-01 56.767034 -2.389677e-02 9.992139e-01 -3.163137e-02 -5.714225 -2.520221e-01 2.459729e-02 9.674088e-01 100.270948
9.679171e-01 3.485791e-02 2.488402e-01 56.921121 -2.666631e-02 9.989881e-01 -3.621546e-02 -5.760147 -2.498508e-01 2.841791e-02 9.678672e-01 100.901314
9.685648e-01 3.339321e-02 2.465099e-01 57.070866 -2.633527e-02 9.991449e-01 -3.187395e-02 -5.826849 -2.473634e-01 2.438008e-02 9.686159e-01 101.553538
9.690741e-01 2.877873e-02 2.450863e-01 57.237016 -2.348928e-02 9.994243e-01 -2.447838e-02 -5.873567 -2.456496e-01 1.796446e-02 9.691922e-01 102.22484
9.696494e-01 2.911215e-02 2.427603e-01 57.40075 -2.561797e-02 9.995179e-01 -1.753858e-02 -5.917102 -2.431539e-01 1.078724e-02 9.699277e-01 102.909729
9.700047e-01 3.237650e-02 2.409204e-01 57.562419 -2.883405e-02 9.994182e-01 -1.821556e-02 -5.950991 -2.413700e-01 1.072247e-02 9.703739e-01 103.598788
9.702632e-01 3.845449e-02 2.389783e-01 57.723465 -3.397645e-02 9.991618e-01 -2.283122e-02 -5.979836 -2.396559e-01 1.403265e-02 9.707564e-01 104.291371
9.711702e-01 3.945438e-02 2.350997e-01 57.900369 -3.375909e-02 9.990320e-01 -2.820239e-02 -6.017716 -2.359848e-01 1.945256e-02 9.715620e-01 104.991608
9.721966e-01 3.867136e-02 2.309511e-01 58.075714 -3.231967e-02 9.989897e-01 -3.122404e-02 -6.054946 -2.319252e-01 2.289163e-02 9.724642e-01 105.696606
9.731405e-01 3.672904e-02 2.272633e-01 58.255487 -3.078898e-02 9.990867e-01 -2.962862e-02 -6.095561 -2.281439e-01 2.183560e-02 9.733825e-01 106.416152
9.741028e-01 3.235463e-02 2.237790e-01 58.441211 -2.673172e-02 9.992473e-01 -2.811183e-02 -6.136624 -2.245201e-01 2.140181e-02 9.742344e-01 107.144075
9.745476e-01 3.082445e-02 2.220517e-01 58.630103 -2.588369e-02 9.993491e-01 -2.512708e-02 -6.175473 -2.226817e-01 1.874001e-02 9.747110e-01 107.885041
9.749759e-01 2.776787e-02 2.205697e-01 58.843466 -2.339025e-02 9.994746e-01 -2.243445e-02 -6.215227 -2.210768e-01 1.671386e-02 9.751131e-01 108.634488
9.752499e-01 2.247719e-02 2.199602e-01 59.038454 -1.826607e-02 9.996092e-01 -2.116033e-02 -6.255033 -2.203499e-01 1.661880e-02 9.752793e-01 109.385273
9.753752e-01 2.305642e-02 2.193439e-01 59.228251 -1.920219e-02 9.996217e-01 -1.968763e-02 -6.299528 -2.197148e-01 1.499094e-02 9.754489e-01 110.146914
9.751303e-01 2.794458e-02 2.198640e-01 59.41142 -2.375350e-02 9.994826e-01 -2.168323e-02 -6.342478 -2.203562e-01 1.592143e-02 9.752895e-01 110.910606
9.748174e-01 3.407297e-02 2.203864e-01 59.5897 -2.930179e-02 9.992608e-01 -2.488311e-02 -6.383801 -2.210713e-01 1.779877e-02 9.750952e-01 111.682839
9.743646e-01 4.180173e-02 2.210574e-01 59.783761 -3.686288e-02 9.989709e-01 -2.642226e-02 -6.427578 -2.219344e-01 1.759609e-02 9.749028e-01 112.47416
9.734172e-01 4.884577e-02 2.237701e-01 59.966422 -4.420333e-02 9.986916e-01 -2.571202e-02 -6.466805 -2.247332e-01 1.513714e-02 9.743027e-01 113.269637
9.724994e-01 5.172831e-02 2.270885e-01 60.15703 -4.772120e-02 9.985934e-01 -2.310429e-02 -6.50837 -2.279642e-01 1.163197e-02 9.736000e-01 114.06849
9.719058e-01 5.218735e-02 2.295117e-01 60.357778 -4.802517e-02 9.985652e-01 -2.368740e-02 -6.549498 -2.304186e-01 1.199958e-02 9.730176e-01 114.863474
9.714761e-01 5.201240e-02 2.313632e-01 60.56227 -4.701719e-02 9.985276e-01 -2.705593e-02 -6.586099 -2.324297e-01 1.540614e-02 9.724911e-01 115.660168
9.716103e-01 4.466236e-02 2.323333e-01 60.801454 -3.970179e-02 9.988736e-01 -2.598590e-02 -6.61701 -2.332322e-01 1.602412e-02 9.722890e-01 116.474457
9.718221e-01 3.802642e-02 2.326284e-01 61.021868 -3.279916e-02 9.991159e-01 -2.629888e-02 -6.647752 -2.334227e-01 1.792781e-02 9.722100e-01 117.271279
9.715160e-01 3.673359e-02 2.341097e-01 61.234814 -3.144821e-02 9.991600e-01 -2.627103e-02 -6.678471 -2.348781e-01 1.816039e-02 9.718551e-01 118.066425
9.711204e-01 4.003934e-02 2.352064e-01 61.441577 -3.523136e-02 9.990761e-01 -2.461010e-02 -6.705393 -2.359744e-01 1.561273e-02 9.716338e-01 118.866882
9.707950e-01 4.129353e-02 2.363301e-01 61.649486 -3.782412e-02 9.991000e-01 -1.919733e-02 -6.731335 -2.369101e-01 9.697688e-03 9.714831e-01 119.668503
9.703421e-01 4.468201e-02 2.375705e-01 61.85867 -4.268596e-02 9.989967e-01 -1.354208e-02 -6.761831 -2.379372e-01 2.999522e-03 9.712758e-01 120.465249
9.701141e-01 4.431270e-02 2.385687e-01 62.072473 -4.089052e-02 9.989776e-01 -1.927718e-02 -6.798646 -2.391791e-01 8.945864e-03 9.709342e-01 121.238867
9.702979e-01 4.107535e-02 2.384005e-01 62.282734 -3.412526e-02 9.988656e-01 -3.320919e-02 -6.839255 -2.394942e-01 2.408732e-02 9.705989e-01 121.99925
9.706399e-01 3.734387e-02 2.376208e-01 62.493043 -2.778327e-02 9.986688e-01 -4.345839e-02 -6.879592 -2.389273e-01 3.558056e-02 9.703853e-01 122.760999
9.708707e-01 3.562799e-02 2.369405e-01 62.695628 -2.737139e-02 9.989010e-01 -3.804652e-02 -6.91831 -2.380356e-01 3.045286e-02 9.707789e-01 123.538528
