2.352619059141677349e-01 -3.540420597908734701e-02 9.712869698624726489e-01 5.060799999999999743e-01 -2.680351300794493047e-02 -9.991925834579876708e-01 -2.992913050835507849e-02 2.710600000000000231e-01 9.715623537972570833e-01 -1.899271864540671290e-02 -2.360209086551240953e-01 2.165070000000000050e-01
1.353016690633839225e-01 -2.384024640562416170e-02 9.905175924737440463e-01 5.264809999999999768e-01 -1.802895689387349482e-02 -9.996042010878177786e-01 -2.159624691712357797e-02 2.807160000000000211e-01 9.906404065360859823e-01 -1.493599072394069353e-02 -1.356779315847388978e-01 2.422080000000000066e-01
7.127943253750623764e-02 -1.106205251733361969e-02 9.973950438473389024e-01 5.428359999999999852e-01 -1.154993217388429125e-02 -9.998806155365014270e-01 -1.026419705219071277e-02 3.026789999999999758e-01 9.973895134619723546e-01 -1.078821896567181207e-02 -7.139868883697364499e-02 2.680660000000000265e-01
2.781126302361678349e-01 -1.092825692672866160e-02 9.604863029235055638e-01 4.934029999999999805e-01 -8.193614455953996886e-03 -9.999258890805964306e-01 -9.004500459558020461e-03 3.256620000000000070e-01 9.605135238950401888e-01 -5.365589149609380909e-03 -2.781815609773765630e-01 2.952520000000000144e-01
4.114864477174111634e-01 -1.973468602486398021e-02 9.112021979299690377e-01 4.502929999999999988e-01 -1.180518715933471380e-02 -9.997970878145571172e-01 -1.632240036464759070e-02 3.377930000000000099e-01 9.113394213469750982e-01 -4.040465942290223308e-03 -4.116359237650789593e-01 3.125879999999999770e-01
5.070475922192996254e-01 -3.462436678044715499e-02 8.612223246349713923e-01 4.156730000000000147e-01 -2.219371783150921387e-02 -9.993859888250542500e-01 -2.711243679540478735e-02 3.527359999999999940e-01 8.616322754594482047e-01 -5.366429466837031523e-03 -5.075047027578678538e-01 3.329389999999999850e-01
5.732779064580537653e-01 -4.681370055939362146e-02 8.180225665634208720e-01 3.954550000000000010e-01 -3.371314092334245366e-02 -9.988687184840958633e-01 -3.353665700428288404e-02 3.670260000000000189e-01 8.186671277730368512e-01 -8.352285548009770466e-03 -5.742076046431034975e-01 3.493410000000000126e-01
6.117822038866400636e-01 -5.028276064040360094e-02 7.894264873881452482e-01 3.939819999999999989e-01 -4.482771686553704837e-02 -9.985776451945884702e-01 -2.886455123942298362e-02 3.789850000000000163e-01 7.897550321512544214e-01 -1.772936829133819198e-02 -6.131660938862821819e-01 3.563959999999999906e-01
4.765741792647812947e-01 -4.991116448794787053e-02 8.777163136899969187e-01 4.699990000000000001e-01 -7.628952227461062441e-02 -9.969687820106346576e-01 -1.526946257545646821e-02 3.933450000000000002e-01 8.758178808686266636e-01 -5.968352666932967565e-02 -4.789372779342818687e-01 3.588540000000000063e-01
3.566063715692961988e-01 -5.318591076055353972e-02 9.327395963787277200e-01 5.371359999999999468e-01 -9.582202761999530916e-02 -9.951952727183699388e-01 -2.011238876421347216e-02 3.937269999999999937e-01 9.293277327073448113e-01 -8.220479338566843985e-02 -3.599893570169066526e-01 3.518830000000000013e-01
2.320643175075527420e-01 -8.222085262394061844e-02 9.692192135598354241e-01 6.073730000000000517e-01 -1.030057560086155982e-01 -9.928956012847127699e-01 -5.956625872557184259e-02 3.830009999999999803e-01 9.672310824042242849e-01 -8.601195465317859612e-02 -2.388848611525898336e-01 3.422520000000000007e-01
1.416702354482077819e-01 -1.261849765809461010e-01 9.818385285133779394e-01 6.651939999999999520e-01 -8.703955443116086210e-02 -9.895887567325761802e-01 -1.146220245541776511e-01 3.574439999999999840e-01 9.860799462277256566e-01 -6.922025883901046506e-02 -1.511783563007150499e-01 3.318490000000000051e-01
8.113256878879615552e-02 -1.882097183927081696e-01 9.787719898854221334e-01 6.929290000000000171e-01 -4.167697107338974583e-02 -9.817910959440292462e-01 -1.853355713487560841e-01 3.210310000000000108e-01 9.958315803206279071e-01 -2.575550091843506473e-02 -8.749924461709025769e-02 3.124060000000000170e-01
2.260895414535292192e-01 -2.094856370527909961e-01 9.513145048373430335e-01 6.685449999999999449e-01 -2.807400918692230796e-02 -9.775977424668773619e-01 -2.086013037635131295e-01 2.695569999999999911e-01 9.737018893139242071e-01 2.045536096604502752e-02 -2.269057270194899667e-01 2.754750000000000254e-01
3.618449541279118442e-01 -2.124071827326214357e-01 9.077176972472003058e-01 6.308030000000000026e-01 -4.805079521339195026e-02 -9.766522971063310576e-01 -2.093834082163320565e-01 2.518909999999999760e-01 9.309991139907329849e-01 3.214777255918756238e-02 -3.636030396846986479e-01 2.561939999999999773e-01
4.664089113043938806e-01 -2.131675354627876051e-01 8.585000461738900857e-01 5.968980000000000397e-01 -6.622383151924937650e-02 -9.762199831505703473e-01 -2.064193514097238391e-01 2.360109999999999986e-01 8.820868050224763834e-01 3.942266254608091380e-02 -4.694344704887127295e-01 2.421619999999999884e-01
5.284913640164177195e-01 -2.147303530274343453e-01 8.213329128001505275e-01 5.781749999999999945e-01 -8.126693002832888202e-02 -9.758354641990322209e-01 -2.028320312357749233e-01 2.187080000000000135e-01 8.450399778968076259e-01 4.044777249952195841e-02 -5.331710921045796914e-01 2.318060000000000120e-01
5.564719879606381259e-01 -2.166412181358346456e-01 8.021256193513315313e-01 5.850530000000000452e-01 -8.490772761669541924e-02 -9.751820499628374161e-01 -2.044765199753924567e-01 1.946479999999999877e-01 8.265165481743874665e-01 4.567879195972379680e-02 -5.610560075063770746e-01 2.250129999999999908e-01
5.377808342081618065e-01 -2.223419510793197829e-01 8.132378687374408610e-01 6.177799999999999958e-01 -6.977028611376664968e-02 -9.730263034958918089e-01 -2.198906998504586985e-01 1.666090000000000071e-01 8.401927645094171559e-01 6.151316521983515861e-02 -5.387877587424020343e-01 2.261170000000000124e-01
4.185896333317659090e-01 -2.556275583660331252e-01 8.714569813083135053e-01 7.391130000000000200e-01 -3.474524055049386939e-02 -9.633740807389430394e-01 -2.659006371174868488e-01 9.867499999999999882e-02 9.075105989057463685e-01 8.102426774872721615e-02 -4.121402442246046016e-01 2.385019999999999918e-01
3.805527268870136925e-01 -2.783016406967300793e-01 8.818887791804395082e-01 8.118339999999999446e-01 -2.443478202396892618e-02 -9.563346366841087853e-01 -2.912507581204119012e-01 6.245200000000000057e-02 9.244363490723950250e-01 8.928751012197469472e-02 -3.707359937339766431e-01 2.435660000000000047e-01
3.682858207931680727e-01 -3.179108777534138675e-01 8.736694042993361498e-01 8.784440000000000026e-01 -2.861740899515816117e-02 -9.431509224068500563e-01 -3.311304598878097583e-01 9.133999999999999758e-03 9.292720796973868991e-01 9.694849854001096057e-02 -3.564468972031197280e-01 2.554739999999999789e-01
3.267617391176801389e-01 -3.264965572953985040e-01 8.869198182040143319e-01 9.645590000000000552e-01 -5.997937141792752946e-03 -9.391309761358321850e-01 -3.435069641393053708e-01 -1.059599999999999952e-02 9.450877158226278496e-01 1.069252436817960811e-01 -3.088303768490986423e-01 2.725690000000000057e-01
2.769555422719672810e-01 -3.283906733519660892e-01 9.030255773012650922e-01 1.046767999999999921e+00 1.881212349900068803e-02 -9.377542732832135908e-01 -3.467896004042370084e-01 -3.237099999999999700e-02 9.606985643865088020e-01 1.130331305171820844e-01 -2.535385173719898466e-01 3.038870000000000182e-01
2.317571736040496821e-01 -2.843889478485726041e-01 9.302749802207110896e-01 1.186967000000000105e+00 5.657254883130805045e-02 -9.507530075324511776e-01 -3.047429496915854408e-01 -4.079599999999999893e-02 9.711272621040929476e-01 1.232543914413632702e-01 -2.042552221820230218e-01 3.728369999999999740e-01
2.324011206182885481e-01 -2.400893022591528148e-01 9.425215361338311615e-01 1.247339999999999893e+00 6.810054768028095395e-02 -9.626591621690646638e-01 -2.620107877504272431e-01 -3.337199999999999889e-02 9.702329795162650816e-01 1.250778334984534168e-01 -2.073728550855282182e-01 4.025759999999999894e-01
2.331032251096871732e-01 -1.738384363920339459e-01 9.567878994198429909e-01 1.290907999999999944e+00 7.472198048086289845e-02 -9.777814322328257646e-01 -1.958573368902534750e-01 -7.692000000000000053e-03 9.695769758386799664e-01 1.171480636352879023e-01 -2.149344530549317234e-01 4.152359999999999940e-01
2.321818277090841320e-01 -9.108836744887383041e-02 9.683979079888431762e-01 1.321668999999999983e+00 7.893747853363680678e-02 -9.905568021545331225e-01 -1.120986002951697702e-01 3.015699999999999978e-02 9.694640134447594093e-01 1.024701469740506854e-01 -2.227990027237454762e-01 4.115030000000000077e-01
2.483172383417664442e-01 -4.559247483519240918e-03 9.686680351930182509e-01 1.340864000000000056e+00 8.581911184017225469e-02 -9.959532451547432608e-01 -2.668732861678275309e-02 6.893699999999999828e-02 9.648697472639934380e-01 8.975715418906823895e-02 -2.469210887846511049e-01 4.060500000000000220e-01
2.961279646180923208e-01 1.846344535904163309e-01 9.371330466473338783e-01 1.347380999999999940e+00 1.150782039516304589e-01 -9.808884533831876418e-01 1.568912011388939876e-01 1.609480000000000077e-01 9.481905059356018350e-01 6.138371581214633471e-02 -3.117159025245275772e-01 4.083809999999999940e-01
3.140214029347382363e-01 2.674561756376163113e-01 9.109652861729689022e-01 1.346460999999999908e+00 1.392747565825834255e-01 -9.620975477117849062e-01 2.344586335920072484e-01 2.060130000000000017e-01 9.391448773633175318e-01 5.324943943619986353e-02 -3.393691154509634322e-01 4.172649999999999970e-01
3.348795418173369232e-01 3.515703838770802836e-01 8.742161961738827980e-01 1.339693000000000023e+00 1.716959853255717317e-01 -9.350206597993152569e-01 3.102528877730776902e-01 2.541070000000000273e-01 9.264859314071052232e-01 4.620206628469425425e-02 -3.734825136144034330e-01 4.263370000000000215e-01
3.324000120096793909e-01 4.321602807666944934e-01 8.383004972822196699e-01 1.331420999999999966e+00 2.123339683067757000e-01 -9.003130813941176980e-01 3.799350488882621280e-01 3.049339999999999828e-01 9.189257412430353877e-01 5.170925640812068513e-02 -3.910263864276388723e-01 4.383850000000000247e-01
3.061748788724311110e-01 5.407219249177556142e-01 7.835028675510314899e-01 1.296159999999999979e+00 2.538966323940404779e-01 -8.395989620957243771e-01 4.802187864991829258e-01 3.623759999999999759e-01 9.174930210123767305e-01 5.189781075362767671e-02 -3.943515863193186033e-01 4.511990000000000167e-01
2.338821666753589934e-01 6.571809524376590605e-01 7.165279672590394444e-01 1.251193000000000000e+00 2.760002019753592384e-01 -7.515270795037307661e-01 5.991919035519042147e-01 4.792529999999999846e-01 9.322676764861048682e-01 5.762156302743626224e-02 -3.571508572766903256e-01 4.903649999999999953e-01
1.873155335960269285e-01 6.836862402234569203e-01 7.053268857790330193e-01 1.229109000000000007e+00 2.854825979110904854e-01 -7.249331036725791266e-01 6.268745340892192264e-01 5.456860000000000044e-01 9.399003017147989913e-01 8.393521387805452649e-02 -3.309717551509112621e-01 5.107049999999999645e-01
1.487508531065179218e-01 6.961269647099593838e-01 7.023392575556222095e-01 1.204939999999999900e+00 2.960408370749274543e-01 -7.090153867636315166e-01 6.400445329165738162e-01 6.151029999999999553e-01 9.435215983134990214e-01 1.127139314198461473e-01 -3.115486529899030854e-01 5.206460000000000532e-01
1.043890705908484540e-01 6.956298850964535152e-01 7.107756220509211520e-01 1.172322000000000086e+00 3.104788855633036082e-01 -7.017557748326116451e-01 6.412033172937039449e-01 6.884010000000000407e-01 9.448310873169596391e-01 1.537462046678750582e-01 -2.892340246058131004e-01 5.214490000000000514e-01
7.516430945449414924e-02 6.904892834819363889e-01 7.194267690188008713e-01 1.126970000000000027e+00 3.123003225943802308e-01 -7.014724097313645990e-01 6.406285717115016709e-01 7.632459999999999800e-01 9.470051927479991027e-01 1.765248078380902419e-01 -2.683657152582092364e-01 5.163240000000000052e-01
7.806818531537684791e-02 6.901868919114028111e-01 7.194076818294627973e-01 1.001182999999999934e+00 2.822263020342262729e-01 -7.073913731557109896e-01 6.480322211317608438e-01 9.381220000000000114e-01 9.561661324694834541e-01 1.524450701680949150e-01 -2.500136550266703894e-01 4.996389999999999998e-01
7.529232696484078335e-02 7.079948152334050171e-01 7.021925712387135921e-01 9.158230000000000537e-01 2.609645819472810602e-01 -6.936388488408168351e-01 6.713885866976492256e-01 1.038572999999999968e+00 9.624076851674139288e-01 1.326969818096955800e-01 -2.369872539806665290e-01 4.869660000000000100e-01
9.976914327094810186e-02 7.401610776056923857e-01 6.649869902851945902e-01 8.195419999999999927e-01 2.298181372134905365e-01 -6.673921897497164801e-01 7.083581642564730219e-01 1.140209000000000028e+00 9.681062657883703348e-01 8.215378420169894280e-02 -2.366875870903215606e-01 4.691069999999999962e-01
1.346020508131019477e-01 7.785996837109252500e-01 6.129150189399460436e-01 7.080699999999999772e-01 2.094570057966699816e-01 -6.269235768275478460e-01 7.503962896633005197e-01 1.245093999999999923e+00 9.685091897548526729e-01 2.737446516374747452e-02 -2.474683576083981096e-01 4.483010000000000050e-01
1.544210947822223234e-01 8.162455836129574038e-01 5.566841768171630900e-01 5.885690000000000088e-01 2.074739599064656659e-01 -5.776694808864283326e-01 7.894634423538148260e-01 1.336338000000000026e+00 9.659755076848430821e-01 -6.412338477290058236e-03 -2.585540571491048989e-01 4.260229999999999850e-01
1.643461226818476728e-01 8.494380793191991241e-01 5.014432184823656158e-01 4.740440000000000209e-01 2.260529974761250060e-01 -5.272598461658952740e-01 8.190830830588405886e-01 1.412706000000000017e+00 9.601512351142929003e-01 -2.126038625300008533e-02 -2.786711353636597277e-01 3.972149999999999848e-01
1.441610756788347936e-01 9.016017285318262964e-01 4.078380896477713513e-01 2.409880000000000078e-01 2.553941294373042736e-01 -4.320797723877576879e-01 8.649167063609675132e-01 1.549385000000000012e+00 9.560289864371698254e-01 -2.052786890462587888e-02 -2.925528733240395085e-01 3.331629999999999869e-01
1.198712812162946451e-01 9.176986890082995396e-01 3.787611280636018485e-01 1.298670000000000102e-01 2.690367255642912570e-01 -3.972636502698362326e-01 8.773829451681456337e-01 1.602403999999999940e+00 9.556412068539155147e-01 -3.272364089362933548e-03 -2.945151530839429932e-01 2.996229999999999727e-01
1.145270891963540150e-01 9.281605908953292072e-01 3.541206903712961762e-01 1.728400000000000075e-02 2.845058188665015586e-01 -3.721797011156299240e-01 8.834810179673252550e-01 1.659210999999999991e+00 9.518087963826094011e-01 -4.331123563728889181e-04 -3.066917467790335472e-01 2.673209999999999753e-01
1.367516743180510752e-01 9.333175707604759452e-01 3.319898969561785873e-01 -9.281899999999999873e-02 2.914493278514569408e-01 -3.582124807398217592e-01 8.869842771645715107e-01 1.710231999999999974e+00 9.467609354352048978e-01 -2.453835267468890136e-02 -3.210009351728887461e-01 2.365049999999999930e-01
1.557279191800408635e-01 9.348914849085278034e-01 3.189462754656067212e-01 -2.047339999999999993e-01 2.973376473703887024e-01 -3.522752787256134277e-01 8.874077143314869076e-01 1.752923999999999927e+00 9.419868038587893011e-01 -4.335942163266714999e-02 -3.328375308038196145e-01 2.095269999999999910e-01
1.674298427475156559e-01 9.310290289551289566e-01 3.242717918666557786e-01 -4.154579999999999940e-01 3.001939786123971610e-01 -3.614406553970871960e-01 8.827481112021613452e-01 1.829649999999999999e+00 9.390691257635945810e-01 -5.045393809202175506e-02 -3.400052605013701434e-01 1.705540000000000112e-01
1.229342056359543078e-01 9.279499449287782475e-01 3.518466722754874376e-01 -5.109890000000000265e-01 3.110010375066884492e-01 -3.726997663344173151e-01 8.742844153043298761e-01 1.867048999999999959e+00 9.424253475763586518e-01 1.945220025619753823e-03 -3.344109453421518219e-01 1.593229999999999924e-01
9.387843480123786444e-02 9.228266299898724156e-01 3.736011917282986428e-01 -6.069689999999999808e-01 3.243212706261115463e-01 -3.831359731229248555e-01 8.648829629022727339e-01 1.904552999999999940e+00 9.412770861434662795e-01 3.997295436522885215e-02 -3.352605106787572287e-01 1.568869999999999987e-01
8.925102681297297780e-02 9.179052364276731879e-01 3.866319065357743390e-01 -7.049269999999999703e-01 3.315008446275753973e-01 -3.934257079291950121e-01 8.575100013128804655e-01 1.941943999999999892e+00 9.392238520310449701e-01 5.163515545701047316e-02 -3.394000095711495191e-01 1.679039999999999977e-01
1.140138378297379518e-01 9.154715571102416405e-01 3.858920482537617214e-01 -7.996360000000000134e-01 3.289193079149164700e-01 -4.013026059284864333e-01 8.548498741625796260e-01 1.982102999999999948e+00 9.374502299664266847e-01 2.946263051995273718e-02 -3.468703212134732761e-01 1.948920000000000097e-01
1.457099676266901400e-01 9.142791260977912726e-01 3.779712752526145358e-01 -9.903849999999999598e-01 3.194247087270533081e-01 -4.050641060315227082e-01 8.566743403765050280e-01 2.068569999999999798e+00 9.363420639856279148e-01 -4.092625898117208116e-03 -3.510652213255990306e-01 2.708579999999999877e-01
1.453878122335136580e-01 9.152677631897639943e-01 3.756957621793972635e-01 -1.081504000000000021e+00 3.152030104746933459e-01 -4.027933907206445174e-01 8.593046878607469852e-01 2.113605000000000178e+00 9.378216494844009432e-01 -6.511993348545574989e-03 -3.470564042068454147e-01 2.946469999999999922e-01
1.458826072781722050e-01 9.171093908284682072e-01 3.709833286658023033e-01 -1.173202000000000078e+00 3.145778189937311620e-01 -3.985345349799755410e-01 8.615166975894559265e-01 2.160527999999999782e+00 9.379547220899685511e-01 -8.977175643307966357e-03 -3.466415289987617165e-01 3.058589999999999920e-01
1.465283291834074131e-01 9.181937846978365236e-01 3.680348115178538881e-01 -1.263840999999999992e+00 3.165612098043134037e-01 -3.960103899707122510e-01 8.619540425582294940e-01 2.209413000000000071e+00 9.371864538041235759e-01 -9.795140504746779886e-03 -3.486912761004264949e-01 3.064629999999999854e-01
1.857552436649828609e-01 9.177619579962232876e-01 3.510099398961538664e-01 -1.356130000000000058e+00 2.997925261473028957e-01 -3.931292190521794572e-01 8.692375155236009565e-01 2.259898999999999880e+00 9.357453877616397353e-01 -5.623526991454996793e-02 -3.481639896664447398e-01 2.974470000000000169e-01
2.808120902031301380e-01 9.071110810090212695e-01 3.135188299072226292e-01 -1.520016000000000034e+00 2.676773442971263073e-01 -3.877228314454497227e-01 8.820543324115365236e-01 2.358004999999999907e+00 9.216796674256120259e-01 -1.637696329805023998e-01 -3.516903438646629687e-01 2.781239999999999823e-01
3.288708102923316168e-01 8.969292401198014630e-01 2.955705133395089557e-01 -1.579314000000000107e+00 2.503077149042051697e-01 -3.845743938777591020e-01 8.885091915298288789e-01 2.400025999999999993e+00 9.105987250139879752e-01 -2.182211579835240944e-01 -3.509836010574138299e-01 2.613639999999999852e-01
3.779759437361377428e-01 8.832121893143567437e-01 2.776155878248137698e-01 -1.618986999999999954e+00 2.285482870929791410e-01 -3.795941703450469440e-01 8.964786368380011083e-01 2.435706999999999844e+00 8.971621182504537773e-01 -2.753987917304581146e-01 -3.453340977803415202e-01 2.361560000000000048e-01
4.231209087929787005e-01 8.671161722176854436e-01 2.628273966327580036e-01 -1.634654000000000051e+00 2.077953589124615363e-01 -3.752065597329343749e-01 9.033499467802149629e-01 2.460160999999999820e+00 8.819239113192504087e-01 -3.276119372244016281e-01 -3.389404567640600385e-01 2.020990000000000009e-01
4.389506203615517466e-01 8.585031908791233013e-01 2.651313337472058218e-01 -1.619048000000000043e+00 1.816837025803185179e-01 -3.737891105811960157e-01 9.095453441294856223e-01 2.471481999999999957e+00 8.799507856129880068e-01 -3.510754506673481878e-01 -3.200510003699456596e-01 1.663519999999999999e-01
4.590568783306813172e-01 8.493722250678505947e-01 2.604488543660321009e-01 -1.483003000000000071e+00 1.699499908313215069e-01 -3.717077718457003632e-01 9.126611271254728708e-01 2.442880000000000162e+00 8.719998756156583930e-01 -3.747000875804452624e-01 -3.149858112574007163e-01 1.078400000000000053e-01
4.374775394575127208e-01 8.580700493208066604e-01 2.689408725515493592e-01 -1.359571000000000085e+00 1.788615375306566446e-01 -3.761370246398577089e-01 9.091366723915851322e-01 2.407341999999999871e+00 8.812615689239884365e-01 -3.496236964990550034e-01 -3.180272283688405643e-01 8.974999999999999645e-02
3.572262820982722853e-01 8.849432679744300145e-01 2.987721470368044918e-01 -1.202798999999999952e+00 2.142286386837082834e-01 -3.889801500317471850e-01 8.959913689589900088e-01 2.359064000000000050e+00 9.091179647031351063e-01 -2.560661151890580300e-01 -3.285341244163434982e-01 7.733299999999999896e-02
2.514095432959816967e-01 9.065206945822092965e-01 3.391363617099985017e-01 -1.024515000000000065e+00 2.492893312617670554e-01 -3.992174797107596596e-01 8.823152686043974624e-01 2.301104000000000038e+00 9.352262137358891003e-01 -1.372794019056685633e-01 -3.263530219772063368e-01 6.988300000000000067e-02
1.788565305520006254e-01 9.144325622184927838e-01 3.630749655834500378e-01 -8.370929999999999760e-01 2.707281818110393590e-01 -4.005213909756742408e-01 8.753792703418330490e-01 2.239174000000000220e+00 9.458945993355656334e-01 -5.827267391696894228e-02 -3.191985313599932650e-01 6.708899999999999586e-02
1.455470249489799750e-01 9.168700213358891293e-01 3.717061036679743524e-01 -6.490479999999999583e-01 2.852914356055670786e-01 -3.986428363470391201e-01 8.716035141044933265e-01 2.176702000000000137e+00 9.473251080271309910e-01 -2.081473047419707401e-02 -3.195964434981571900e-01 6.748400000000000232e-02
1.144096089942033823e-01 9.194479869457827803e-01 3.761992034429915144e-01 -2.833550000000000235e-01 2.694893129947129595e-01 -3.932108171458774670e-01 8.790681221959473213e-01 2.052077000000000151e+00 9.561830115367200289e-01 8.078247453031095482e-04 -2.927685021783418828e-01 8.481099999999999750e-02
1.059563882897556208e-01 9.204864105256631568e-01 3.761356295515898007e-01 -1.087840000000000057e-01 2.581072583816992894e-01 -3.907592215143192993e-01 8.835654327621728088e-01 1.986993999999999927e+00 9.602884394551842728e-01 3.463934050080719196e-03 -2.789876596009641108e-01 1.013010000000000022e-01
9.826501460396186438e-02 9.208909506838681702e-01 3.772318171276711762e-01 5.882699999999999735e-02 2.516173284260302401e-01 -3.897409048233276829e-01 8.858841612441443747e-01 1.918695999999999957e+00 9.628253771793877647e-01 7.866641980887045804e-03 -2.700100164870076758e-01 1.225009999999999988e-01
9.308256727855579449e-02 9.209685327067107519e-01 3.783551207964298002e-01 2.181980000000000031e-01 2.631635145593595460e-01 -3.892481845974621324e-01 8.827405141899546948e-01 1.847359999999999891e+00 9.602502800174539388e-01 1.740151003872614233e-02 -2.785975361965234431e-01 1.457469999999999877e-01
7.717023455522220576e-02 9.219864377553299573e-01 3.794545605127563892e-01 3.683870000000000200e-01 2.772903170562369124e-01 -3.854212658611618769e-01 8.800912043014809116e-01 1.773211000000000093e+00 9.576820114033381959e-01 3.730223072708405141e-02 -2.854009611358023779e-01 1.707859999999999934e-01
-9.325802387299964025e-03 9.247314435795224163e-01 3.805059614055544270e-01 6.342160000000000020e-01 3.111681998392738513e-01 -3.589460226962806200e-01 8.799614219949114524e-01 1.626794999999999991e+00 9.503090975143921870e-01 1.266077013686507935e-01 -2.843995589580401440e-01 2.291179999999999883e-01
-4.490066955741001120e-02 9.335963739299575348e-01 3.555020962781108573e-01 7.414380000000000415e-01 3.303369816352191290e-01 -3.219670881540672713e-01 8.872511891847336685e-01 1.558583999999999969e+00 9.427944677592403622e-01 1.572736619095070343e-01 -2.939448703960402254e-01 2.599719999999999809e-01
-7.616933648851698102e-02 9.450735176936687632e-01 3.178588968913947932e-01 8.307879999999999709e-01 3.492510432737921944e-01 -2.733019780980117108e-01 8.962866380460450255e-01 1.493325000000000014e+00 9.339282311564777173e-01 1.792821098766669841e-01 -3.092506816922220292e-01 2.897279999999999855e-01
-9.389999129914522458e-02 9.540065233792189847e-01 2.847004478112330483e-01 9.010500000000000176e-01 3.662373608906587807e-01 -2.328123497674638442e-01 9.009265260184083912e-01 1.433197999999999972e+00 9.257715631417214874e-01 1.888649336050721717e-01 -3.275317537773795307e-01 3.204759999999999831e-01
-8.955899948264522958e-02 9.622309209784920547e-01 2.570813885222931194e-01 9.510690000000000532e-01 3.901739051218179877e-01 -2.035921867121862627e-01 8.979501908634690555e-01 1.380093000000000014e+00 9.163752011996275648e-01 1.807259699728651081e-01 -3.572038835227142606e-01 3.522799999999999820e-01
-1.367666537086703604e-01 9.586176167393909431e-01 2.496941074799784444e-01 9.898679999999999701e-01 4.260605086316858192e-01 -1.706329460777008533e-01 8.884575626879168686e-01 1.301622000000000057e+00 8.942971124955295670e-01 2.278961662462420934e-01 -3.850922123237801031e-01 4.243959999999999955e-01
-1.264554938195355249e-01 9.607184592740845019e-01 2.470405838984482960e-01 9.775949999999999918e-01 4.463630810989362430e-01 -1.672936865225347902e-01 8.790749810349309801e-01 1.279068000000000094e+00 8.858718913673250261e-01 2.214336570165627016e-01 -4.076740458081056229e-01 4.529440000000000133e-01
-1.096171395353865430e-01 9.638083129292269735e-01 2.430177331977993460e-01 9.484420000000000073e-01 4.627047959486474960e-01 -1.669057519360769293e-01 8.706587975646791211e-01 1.268253999999999992e+00 8.797092443109824078e-01 2.078845975515499767e-01 -4.276629976682924106e-01 4.717169999999999974e-01
-1.116547748102840742e-01 9.636454726462573284e-01 2.427356881680901024e-01 9.013949999999999463e-01 4.644943564749270948e-01 -1.653290713018958913e-01 8.700064890478669266e-01 1.273449000000000053e+00 8.785090802404994514e-01 2.098897358872609531e-01 -4.291481034609937462e-01 4.815159999999999996e-01
-8.031993799685277491e-02 9.705151006887350329e-01 2.272644866566623234e-01 8.380459999999999576e-01 4.482193448295664906e-01 -1.684828303995727916e-01 8.779025884351310260e-01 1.292257999999999907e+00 8.903078829712426367e-01 1.723774207826632154e-01 -4.214711120866776461e-01 4.827150000000000052e-01
-5.526800094602046798e-03 9.897583772913208788e-01 1.426457467377324484e-01 6.739469999999999628e-01 4.183163161295325727e-01 -1.272785502417136394e-01 8.993395522872237313e-01 1.364918000000000076e+00 9.082845997486310718e-01 6.464151320953515079e-02 -4.133286351433324013e-01 4.548909999999999898e-01
-1.647809343327810705e-02 9.958906909454035006e-01 8.905169355543607335e-02 5.810570000000000457e-01 4.169002059131657334e-01 -7.410906827258267882e-02 9.059260810404621278e-01 1.415502000000000038e+00 9.088028888303361086e-01 5.205360398720554338e-02 -4.139658579708948016e-01 4.339509999999999756e-01
-3.947161500629609021e-02 9.988960469481974469e-01 2.546917745156512813e-02 4.835499999999999798e-01 4.104329358921147142e-01 -7.031729591992996742e-03 9.118636739743086750e-01 1.474434000000000022e+00 9.110361116573668649e-01 4.644612115354368465e-02 -4.097022834766927968e-01 4.163279999999999759e-01
-6.477136626554635956e-02 9.969427920586114711e-01 -4.370056606583289094e-02 3.802170000000000272e-01 3.880938200051632370e-01 6.551107908760656073e-02 9.192885756880573300e-01 1.542214999999999892e+00 9.193409905937481863e-01 4.258365741874664545e-02 -3.911505785946741698e-01 4.006160000000000276e-01
-6.777731076120813158e-02 9.903164658314662638e-01 -1.211591253230758225e-01 2.720190000000000108e-01 3.632614133911649112e-01 1.375978809511297363e-01 9.214705468428232571e-01 1.616527000000000047e+00 9.292186942195209687e-01 1.844236050056868859e-02 -3.690697734197900814e-01 3.912200000000000122e-01
-7.056648842729773552e-02 9.623194754984377708e-01 -2.626054031954636048e-01 4.912500000000000200e-02 3.051883934423017530e-01 2.714658655061454873e-01 9.127794522079835104e-01 1.768224999999999936e+00 9.496738467595846611e-01 -1.573248045958181018e-02 -3.128451275622526895e-01 4.126879999999999993e-01
-7.904351475873669375e-02 9.444817814522794563e-01 -3.189142318544497257e-01 -6.011199999999999877e-02 2.804233886473865289e-01 3.280633214359527372e-01 9.020738219391623014e-01 1.840419999999999945e+00 9.566163525019326652e-01 -1.812792412658481567e-02 -2.907860596602913628e-01 4.248449999999999727e-01
-1.018239333255704093e-01 9.247330215404589993e-01 -3.667434054959441969e-01 -1.663380000000000136e-01 2.500002870765918317e-01 3.806149936446608928e-01 8.902988728929720486e-01 1.907534999999999981e+00 9.628768057564431881e-01 -1.032223584148450612e-03 -2.699392365899052626e-01 4.293370000000000242e-01
-1.547124386287853925e-01 9.021337320461717546e-01 -4.027639393465859419e-01 -2.690409999999999746e-01 2.280882985049941802e-01 4.292745161869516712e-01 8.738988029729501950e-01 1.967313000000000089e+00 9.612698837572261068e-01 4.333727329799014205e-02 -2.721802552068468550e-01 4.247739999999999849e-01
-2.104732952499370480e-01 8.770028065930968175e-01 -4.319341028611476396e-01 -3.722840000000000038e-01 2.048405442331677762e-01 4.715864676618074514e-01 8.576984055928509321e-01 2.018869000000000025e+00 9.558981867463149928e-01 9.204499305280172683e-02 -2.789020900406041781e-01 4.141830000000000234e-01
-2.887001233475200435e-01 8.154971920792463136e-01 -5.016139636114526068e-01 -5.970879999999999521e-01 1.437855421699794078e-01 5.549108809965571654e-01 8.193897924763950957e-01 2.086809000000000136e+00 9.465611214507027027e-01 1.644330984397290307e-01 -2.774595456917974268e-01 3.942939999999999778e-01
-3.011536842529352054e-01 7.793952323941990556e-01 -5.494083455701013197e-01 -7.265979999999999661e-01 1.308719227314057987e-01 6.044858251313732778e-01 7.857922289357587298e-01 2.096805999999999948e+00 9.445522739909466559e-01 1.647420982518899013e-01 -2.840440859481082603e-01 4.041159999999999752e-01
-3.095016128148472823e-01 7.352199354599553427e-01 -6.030426172065017631e-01 -8.668169999999999487e-01 1.063472843526400702e-01 6.569661943084645905e-01 7.463817218063899528e-01 2.087552000000000074e+00 9.449333345669561623e-01 1.668744019857802408e-01 -2.815207402413917315e-01 4.325229999999999908e-01
-3.070035569131561726e-01 6.851926489038790979e-01 -6.604996971466041700e-01 -1.014450000000000074e+00 8.014878177792106317e-02 7.101635889115164302e-01 6.994596841590157155e-01 2.060312000000000143e+00 9.483274691909886478e-01 1.617983648631846072e-01 -2.729401038788806799e-01 4.694409999999999972e-01
-2.783583281508188456e-01 6.317439444007066918e-01 -7.234751065946347648e-01 -1.164806000000000008e+00 6.637416801471268668e-02 7.640969848357279659e-01 6.416776975907017011e-01 2.017433000000000032e+00 9.581811472625809678e-01 1.305962728334399414e-01 -2.546242379518846022e-01 5.007629999999999582e-01
-2.323034774376788181e-01 5.773582361315338085e-01 -7.827468055134083613e-01 -1.316788999999999987e+00 7.846941600847071041e-02 8.132640078327217914e-01 5.765797467091157147e-01 1.964982999999999924e+00 9.694728697192360745e-01 7.251979546953057909e-02 -2.342290207113670863e-01 5.231000000000000094e-01
-1.371389359052422596e-01 4.647220266504725750e-01 -8.747721704562027023e-01 -1.601730000000000098e+00 1.150680384309780424e-01 8.846112102873052718e-01 4.519096736801237468e-01 1.837966999999999906e+00 9.838456478484952639e-01 -3.868390595462711801e-02 -1.747892920909881465e-01 5.500329999999999941e-01
-1.379587505397338043e-01 4.127423125620523492e-01 -9.003394729603076962e-01 -1.724239000000000077e+00 1.221764198141063740e-01 9.091807914714130634e-01 3.980743785535841850e-01 1.769112000000000018e+00 9.828734941949156534e-01 -5.508240953647633442e-02 -1.758568240607487621e-01 5.497100000000000319e-01
-1.826440719387832090e-01 3.587899985376880041e-01 -9.153747210486786745e-01 -1.829463999999999979e+00 1.102897432359020297e-01 9.326359413567154588e-01 3.435496666082388240e-01 1.696555000000000035e+00 9.769735490393685051e-01 -3.820913292655411797e-02 -2.099112827801820069e-01 5.399500000000000410e-01
-2.229272332854170813e-01 2.951652075866288971e-01 -9.290753192772108759e-01 -1.918746999999999980e+00 6.585985571747532408e-02 9.554416579673975507e-01 2.877389748111712220e-01 1.619955999999999952e+00 9.726077976577106599e-01 2.956087084772296425e-03 -2.324335033607777268e-01 5.296969999999999734e-01
-2.379066474604886738e-01 2.181708792158273680e-01 -9.464681159744915417e-01 -1.997613000000000083e+00 8.857679530034912041e-03 9.748932103084751999e-01 2.224966741499256884e-01 1.538769000000000053e+00 9.712476350588731266e-01 4.454992656141963658e-02 -2.338660630273622365e-01 5.237870000000000026e-01
-2.401772999113901963e-01 6.068199328935130338e-02 -9.688305116467508249e-01 -2.133147999999999822e+00 -5.967284242566141955e-02 9.952337838975411355e-01 7.712890032811561825e-02 1.357240999999999920e+00 9.688931914737124451e-01 7.633748148461105831e-02 -2.354114959734769918e-01 5.277939999999999854e-01
-2.325260707118418368e-01 -8.859603699242983577e-03 -9.725498104784168207e-01 -2.193350000000000133e+00 -7.539941586919357563e-02 9.971133016564678320e-01 8.943810503477200857e-03 1.255894999999999984e+00 9.696631139348842465e-01 7.540935672733238559e-02 -2.325228470324454122e-01 5.343160000000000132e-01
-2.103686455721453519e-01 -7.440002210968614527e-02 -9.747869868182582609e-01 -2.241048000000000151e+00 -8.993531980671241877e-02 9.943446166381580964e-01 -5.648381727520537798e-02 1.147467999999999932e+00 9.734765899657810140e-01 7.578535526599211591e-02 -2.158701200161845524e-01 5.331810000000000160e-01
-1.751279816437246728e-01 -1.303170504491437953e-01 -9.758830136894641738e-01 -2.276387000000000160e+00 -1.038416602635148234e-01 9.881176206898266701e-01 -1.133158297679213444e-01 1.034934999999999938e+00 9.790541862630036674e-01 8.149253980893636506e-02 -1.865793834172921883e-01 5.269639999999999880e-01
-1.668950748336715251e-01 -1.846812546781288478e-01 -9.685240669011666581e-01 -2.291688000000000169e+00 -7.395992991374278347e-02 9.818786060547535222e-01 -1.744830414084089232e-01 9.178180000000000227e-01 9.831968077467591050e-01 4.251161185472041026e-02 -1.775297160874655944e-01 5.164680000000000382e-01
-2.143607807279002131e-01 -2.525228655343445539e-01 -9.435473798745077634e-01 -2.278585000000000083e+00 4.767643757937316262e-02 9.621460217298938300e-01 -2.683318657354711312e-01 6.974590000000000511e-01 9.755902895096206784e-01 -1.025048059929977301e-01 -1.942069817562506184e-01 4.987509999999999999e-01
-2.513509162130919128e-01 -2.623573764627868954e-01 -9.316605196821438062e-01 -2.257662999999999975e+00 8.858941324210634072e-02 9.522863810674180307e-01 -2.920660272865358009e-01 6.076380000000000114e-01 9.638333013443031172e-01 -1.559463223326656989e-01 -2.161159683379684227e-01 4.947219999999999951e-01
-2.822817995735544816e-01 -2.596695355248870296e-01 -9.235197442122202727e-01 -2.229862999999999928e+00 8.418115167134973542e-02 9.522518766811919333e-01 -2.934789550554404158e-01 5.378389999999999560e-01 9.556309535237965669e-01 -1.605867232290311142e-01 -2.469440928424119219e-01 4.928069999999999951e-01
-3.087091032792401712e-01 -2.376560044223585411e-01 -9.209876834760208908e-01 -2.182398000000000060e+00 5.838828772135881695e-02 9.617208431837802607e-01 -2.677383566895983891e-01 4.627339999999999787e-01 9.493626795958935993e-01 -1.364281618577289357e-01 -2.830156519392983405e-01 4.743640000000000079e-01
-3.987806506867216938e-01 -1.625613582824166348e-01 -9.025230176739263976e-01 -2.118170000000000108e+00 7.603555324107347246e-02 9.749130229282959581e-01 -2.091965400481942960e-01 4.112250000000000072e-01 9.138887171210720028e-01 -1.520473693234698775e-01 -3.764160068336808163e-01 4.060989999999999878e-01
-3.328928805557453408e-01 -3.072716037039737585e-02 -9.424638834941477805e-01 -2.068519999999999914e+00 4.605550498776201512e-02 9.977463294658955872e-01 -4.879705419033714131e-02 4.280070000000000263e-01 9.418392753201688672e-01 -5.964984201910640549e-02 -3.307274947921251540e-01 2.905380000000000185e-01
-3.158706106584696083e-01 -1.303828260147432867e-02 -9.487126859640120369e-01 -2.063174000000000063e+00 3.055087076163887083e-02 9.992473240896802000e-01 -2.390459360288915355e-02 4.466049999999999742e-01 9.483102876263400649e-01 -3.653475723770094330e-02 -3.152345315723376062e-01 2.847279999999999811e-01
-3.111674720266174865e-01 -4.060426214413245631e-03 -9.503464196236663941e-01 -2.060353000000000101e+00 1.182014045253943976e-02 9.998969879195116484e-01 -8.142347890511046279e-03 4.756540000000000212e-01 9.502815838646179181e-01 -1.376686196797130383e-02 -3.110874232097922132e-01 2.976770000000000249e-01
-3.155967878261914938e-01 2.617092563327035742e-03 -9.488897819769716024e-01 -2.048785000000000078e+00 -2.357906751289632480e-02 9.996657839230224107e-01 1.059943530529924849e-02 4.974450000000000260e-01 9.486003874598681884e-01 2.571908396665645996e-02 -3.154296017036193334e-01 3.197059999999999902e-01
-3.258491309041015582e-01 2.819168877714879617e-02 -9.450013611487203535e-01 -2.065142999999999951e+00 -2.926268337241820505e-02 9.987756487989754017e-01 3.988607185511564707e-02 5.009479999999999489e-01 9.449688033215103422e-01 4.065011746696720746e-02 -3.246252126669068039e-01 3.483189999999999897e-01
-3.666116204122064071e-01 1.261367300106887301e-01 -9.217838386091108394e-01 -2.062240000000000073e+00 7.075262715933544611e-02 9.916776884306559570e-01 1.075612756473391246e-01 5.380599999999999827e-01 9.276798938905534975e-01 -2.578541469593649549e-02 -3.724850693117379707e-01 3.605269999999999864e-01
-3.905507141400962889e-01 1.953220133772006761e-01 -8.996218376489852897e-01 -2.063619000000000092e+00 1.146634358475447923e-01 9.799433648116940843e-01 1.629825090037912982e-01 5.580659999999999510e-01 9.134125224477145366e-01 -3.950079558453940820e-02 -4.051138740945460226e-01 3.508700000000000152e-01
-4.038588253505135395e-01 2.752603284753292190e-01 -8.724275332393846005e-01 -2.070355000000000167e+00 1.534205362379410520e-01 9.605314687137507246e-01 2.320375759894667267e-01 5.815649999999999986e-01 9.018648392342204501e-01 -4.013787710204397285e-02 -4.301496978666556892e-01 3.314849999999999741e-01
-3.974718565889124311e-01 3.596488891680550415e-01 -8.441971332218243251e-01 -2.085684999999999789e+00 1.767711368528149807e-01 9.327696159606566617e-01 3.141541161856270525e-01 6.115329999999999933e-01 9.004266146641413116e-01 -2.436226715215908389e-02 -4.343252140316982146e-01 3.064850000000000074e-01
-3.560537443527720392e-01 4.447088164583968828e-01 -8.218636138049562057e-01 -2.109792999999999807e+00 1.887729712218504663e-01 8.955985432505019217e-01 4.028250422499243255e-01 6.454229999999999690e-01 9.151997030530794053e-01 -1.171827170493977555e-02 -4.028302193726333025e-01 2.862770000000000037e-01
-3.042333261025106372e-01 5.257764122053516509e-01 -7.943558696560826249e-01 -2.141229000000000049e+00 1.999734012274244632e-01 8.505532806901862086e-01 4.863843701319942037e-01 6.834320000000000395e-01 9.313714200522467124e-01 -1.087571035056422719e-02 -3.639079510456342259e-01 2.701169999999999960e-01
-2.221647602878339955e-01 6.704773464776627723e-01 -7.078862529718468188e-01 -2.211625000000000174e+00 2.048673505257114225e-01 7.419231506624399675e-01 6.384194602294746002e-01 7.631620000000000070e-01 9.532429847498615771e-01 -3.188474774946326029e-03 -3.021880964793037805e-01 2.504540000000000100e-01
-1.642275362918746984e-01 7.334705066454729749e-01 -6.595834535559044198e-01 -2.242471999999999799e+00 1.890717576432154878e-01 6.796704126060933993e-01 7.087312612616774032e-01 7.974499999999999922e-01 9.681328352995812736e-01 -8.315413946158811687e-03 -2.502991552236999429e-01 2.486389999999999989e-01
-1.014833733994507936e-01 7.876418688410479207e-01 -6.077182006259553848e-01 -2.268485000000000085e+00 1.710726506332146402e-01 6.155889205657880670e-01 7.692752622319100064e-01 8.235529999999999795e-01 9.800179963290438501e-01 -2.589531473508843717e-02 -1.972160225386795362e-01 2.511820000000000164e-01
