9.999835206112333008e-01 -3.186347129103284017e-03 -4.775531167943800753e-03 1.717441000000000106e-03 3.178913023299381312e-03 9.999937249849183418e-01 -1.563490574891156443e-03 -8.435130000000000535e-04 4.780483025118383369e-03 1.548283811299190930e-03 9.999873748199455958e-01 4.976832099999999731e-02
9.999583827185858365e-01 -2.178660984607089235e-03 -8.859247549551177783e-03 1.212505999999999914e-03 2.152529300270327080e-03 9.999933080594900492e-01 -2.958116605064384230e-03 -1.274881999999999968e-03 8.865632997228986914e-03 2.938923706364418749e-03 9.999563806881810457e-01 9.937033100000000618e-02
9.999129428419601950e-01 -2.121889977449801287e-03 -1.302322233759165872e-02 6.049789999999999552e-04 2.063628438591140046e-03 9.999878109048817576e-01 -4.485474259192579437e-03 -1.420751000000000045e-03 1.303258127917053012e-02 4.458208674573163784e-03 9.999051336004910473e-01 1.499571799999999955e-01
9.998411181858862795e-01 -6.870251033108535407e-04 -1.781197297617235359e-02 -7.798170000000000318e-04 5.960997448808218451e-04 9.999867685486326652e-01 -5.109539387994623157e-03 -1.755714000000000016e-03 1.781524767974407286e-02 5.098109862560452725e-03 9.998282983722448503e-01 2.019022849999999869e-01
9.997586803232864083e-01 -1.635654551254365130e-03 -2.190675129794220771e-02 -2.610630000000000069e-03 1.522356490091954099e-03 9.999853859689106228e-01 -5.187511862731289738e-03 -2.259759000000000073e-03 2.191491612938563371e-02 5.152910129030375055e-03 9.997465598681718468e-01 2.557345630000000258e-01
9.996484104730646303e-01 4.928908659949097397e-05 -2.651514678935536218e-02 -4.060381000000000060e-03 -2.141584836072974287e-04 9.999806629676926129e-01 -6.215128867349268248e-03 -3.278291000000000018e-03 2.651432772708029600e-02 6.218622136759987921e-03 9.996290907951314031e-01 3.084866110000000217e-01
9.995006189276963715e-01 3.108234903875122836e-03 -3.144601149484773511e-02 -6.273219000000000017e-03 -3.337809381632450209e-03 9.999681424361946958e-01 -7.250733841343054778e-03 -3.397925999999999898e-03 3.142247271752574705e-02 7.352073754284801921e-03 9.994791519685779502e-01 3.636096719999999949e-01
9.993505282531562894e-01 3.444565816682615324e-03 -3.586999646601773256e-02 -8.532672999999999300e-03 -3.650141129864088643e-03 9.999772793248064007e-01 -5.667213062017530806e-03 -3.832237000000000057e-03 3.584966038708955333e-02 5.794462916679097436e-03 9.993403954857612570e-01 4.200709460000000006e-01
9.991759530099425524e-01 2.674966246953306738e-03 -4.050011706465313222e-02 -1.062108900000000022e-02 -2.791065758529992849e-03 9.999921558407829369e-01 -2.810375212465658721e-03 -4.583529000000000249e-03 4.049228171645194441e-02 2.921097821186503882e-03 9.991755813213784032e-01 4.776151779999999736e-01
9.990380499469114772e-01 2.470997419391791645e-03 -4.378206173795258505e-02 -1.352772200000000070e-02 -2.477200090002709427e-03 9.999969279142274514e-01 -8.741751340430071473e-05 -5.277183999999999868e-03 4.378171122725359188e-02 1.957903494004009399e-04 9.990411019713616447e-01 5.353424549999999948e-01
9.989166960430836406e-01 3.927581485921341660e-03 -4.636818381218945490e-02 -1.678412400000000096e-02 -3.980058776696350324e-03 9.999915392685219118e-01 -1.039482326092171921e-03 -5.609145999999999750e-03 4.636370885189818741e-02 1.222904347716346086e-03 9.989238764823137329e-01 5.937661530000000187e-01
9.988203067981139549e-01 3.394328430422540767e-03 -4.844040939368681603e-02 -2.008518399999999898e-02 -3.450346665435554717e-03 9.999934720124773468e-01 -1.072865471035102736e-03 -6.310058000000000333e-03 4.843645151752835193e-02 1.238736023956224638e-03 9.988254981213950945e-01 6.524980070000000465e-01
9.987114991283491117e-01 4.075976190919979839e-04 -5.074618579742336960e-02 -2.245513700000000001e-02 -4.832470366073336634e-04 9.999987902831184439e-01 -1.478480504222931752e-03 -6.846358999999999778e-03 5.074552178377233352e-02 1.501098424710251749e-03 9.987104879405303004e-01 7.126992340000000148e-01
9.986122146830734847e-01 1.587876225512937156e-04 -5.266516374471989087e-02 -2.532307799999999887e-02 -2.054499168112037687e-04 9.999995911619595779e-01 -8.806056129478153499e-04 -7.063433000000000038e-03 5.266500238392585881e-02 8.902035749183644358e-04 9.986118390353162511e-01 7.633763550000000064e-01
9.985160204559188069e-01 -1.570773310053306731e-03 -5.443610533537164564e-02 -2.876468600000000111e-02 1.538968377154150942e-03 9.999986197392563003e-01 -6.261756274278240794e-04 -8.196063999999999433e-03 5.443701377931538243e-02 5.414709509191495797e-04 9.985170596139055776e-01 8.343080880000000032e-01
9.984070825961022244e-01 7.131206797483646137e-04 -5.641621115278690896e-02 -3.248335799999999690e-02 -8.751248373831781169e-04 9.999955645473121990e-01 -2.846935584327418573e-03 -8.903638999999999651e-03 5.641393071271242482e-02 2.891771878698225304e-03 9.984032782783431870e-01 8.959128859999999639e-01
9.983298266014906108e-01 1.081058976661807176e-03 -5.776148049805147205e-02 -3.641010399999999869e-02 -1.414224183817962104e-03 9.999825983856449607e-01 -5.727381238563998556e-03 -9.264532000000000669e-03 5.775428371814255585e-02 5.799503201389701046e-03 9.983139829105978080e-01 9.581241010000000058e-01
9.982152779724081659e-01 5.001666398153874551e-03 -5.950833685887484820e-02 -4.091279200000000338e-02 -5.442103556902964934e-03 9.999589712385555940e-01 -7.241501805941619879e-03 -1.024033100000000009e-02 5.946967572926296214e-02 7.552428269840772909e-03 9.982015420223939728e-01 1.021844745000000110e+00
9.981181965515930621e-01 6.243478605422847494e-03 -6.100069415587876936e-02 -4.413861399999999963e-02 -6.668484568685011105e-03 9.999548743477187918e-01 -6.766134922908248125e-03 -1.124804299999999924e-02 6.095569724113280435e-02 7.160184574535483418e-03 9.981147903576551572e-01 1.083831905999999901e+00
9.980340912430425426e-01 5.107711729654166102e-03 -6.246490212560184413e-02 -4.826322200000000145e-02 -5.442413487985499343e-03 9.999717254358572172e-01 -5.189264327469217397e-03 -1.217576899999999948e-02 6.243663069144633065e-02 5.519022533139747791e-03 9.980336705433231481e-01 1.147952437000000048e+00
9.979473629111340616e-01 5.986651986435100221e-03 -6.375908450336092992e-02 -5.254773799999999662e-02 -6.241847364351837783e-03 9.999732838962659409e-01 -3.804055099259366548e-03 -1.286770899999999974e-02 6.373460755502885489e-02 4.194221228235326185e-03 9.979580694137881736e-01 1.211753963999999906e+00
9.978899883872657250e-01 5.113573893163831686e-03 -6.472574787904622484e-02 -5.624696199999999757e-02 -5.345079915672581138e-03 9.999799210366490110e-01 -3.404062900751883471e-03 -1.382553599999999938e-02 6.470704132594673474e-02 3.742844583515995884e-03 9.978972842518742947e-01 1.265780448999999974e+00
9.977819834725022430e-01 5.459214850247812688e-03 -6.634237281630911420e-02 -6.150635699999999761e-02 -5.774962648048525236e-03 9.999728888217679357e-01 -4.568525786493456663e-03 -1.465907299999999990e-02 6.631563363259798671e-02 4.941517445789809886e-03 9.977864591891594248e-01 1.341448187999999986e+00
9.977070927422981850e-01 4.095311085536563860e-03 -6.755579559759426755e-02 -6.568133800000000577e-02 -4.445940150411016763e-03 9.999774123037443729e-01 -5.040684327182542480e-03 -1.582653599999999869e-02 6.753362649739920454e-02 5.329475529545266328e-03 9.977027643455187444e-01 1.406338929999999987e+00
9.976457871306828595e-01 4.115973805292270568e-03 -6.845394203429240598e-02 -6.921354700000000026e-02 -4.341180919322642356e-03 9.999856425477550159e-01 -3.141472040159353461e-03 -1.639164800000000172e-02 6.844002899346131319e-02 3.431247293265498807e-03 9.976493316658847643e-01 1.461367845999999915e+00
9.976636287460396435e-01 5.583998200650227076e-03 -6.808893332531879006e-02 -7.491895599999999489e-02 -5.611093102859574314e-03 9.999842363323852013e-01 -2.066904147974626689e-04 -1.712812099999999962e-02 6.808670583510129104e-02 5.882608534166223731e-04 9.976792342419946724e-01 1.538357854000000025e+00
9.976755604814712131e-01 5.836386845575980593e-03 -6.789265502667617136e-02 -7.897661599999999948e-02 -5.613286458151491888e-03 9.999782026484362873e-01 3.476383629833985738e-03 -1.753213099999999941e-02 6.791146466629328915e-02 -3.087202065274040341e-03 9.976865751077775846e-01 1.594154118999999925e+00
9.978157921280534914e-01 5.063829852733815577e-03 -6.586351499189524450e-02 -8.399545399999999717e-02 -4.644423558214447710e-03 9.999679630761748594e-01 6.519367384772222634e-03 -1.819550600000000018e-02 6.589441789466654598e-02 -6.199229670555124125e-03 9.978073437501924214e-01 1.671077847000000061e+00
9.979192081976163697e-01 5.558135424771269012e-03 -6.423675770804633534e-02 -8.816264599999999729e-02 -5.132284488211449544e-03 9.999637600851268848e-01 6.792508545945641178e-03 -1.810659800000000152e-02 6.427218345578754322e-02 -6.448693434687613295e-03 9.979115696226850130e-01 1.728109598000000080e+00
9.979890059017427761e-01 5.775616003552532310e-03 -6.312358005555962492e-02 -9.240928299999999485e-02 -5.504255011625941094e-03 9.999748521549144398e-01 4.471938564404685269e-03 -1.894570099999999882e-02 6.314782083348663422e-02 -4.115497240471313080e-03 9.979956990921581284e-01 1.805114388000000014e+00
9.980389063256477344e-01 6.242782359022112058e-03 -6.228458178973971665e-02 -9.614372300000000038e-02 -6.286158164067914660e-03 9.999801166699807675e-01 -5.004799974636505930e-04 -1.918557499999999985e-02 6.228021897714567517e-02 8.910292416196129855e-04 9.980583051059939148e-01 1.861706853000000050e+00
9.981209484502050477e-01 6.017748000654338410e-03 -6.097834840222920993e-02 -1.011383680000000063e-01 -6.222452845606750264e-03 9.999756231794736383e-01 -3.167669081133606904e-03 -1.993647600000000158e-02 6.095779970969449069e-02 3.541151765173315962e-03 9.981340625881519601e-01 1.939840317000000036e+00
9.981952583076028063e-01 3.669016532835129522e-03 -5.993967475637403813e-02 -1.048900339999999931e-01 -3.796652618921707908e-03 9.999907612291101255e-01 -2.015660019976199362e-03 -2.055948200000000045e-02 5.993172549751387551e-02 2.239592397441553077e-03 9.981999661915361699e-01 1.996656537000000009e+00
9.981474427876401156e-01 2.281016030849731483e-03 -6.079867944587109829e-02 -1.087755930000000038e-01 -2.108644900509745995e-03 9.999935743302000857e-01 2.899123142301705987e-03 -2.151552199999999873e-02 6.080490171999571036e-02 -2.765549525443652089e-03 9.981458388745825250e-01 2.076840401000000114e+00
9.981007546270502795e-01 -1.828780561592819025e-03 -6.157547543113564559e-02 -1.120481190000000016e-01 2.229317606236279250e-03 9.999767989781357391e-01 6.436742068131282371e-03 -2.202266500000000030e-02 6.156227542840968237e-02 -6.561788407032512552e-03 9.980816746023233321e-01 2.134138345999999853e+00
9.979746838558462008e-01 -8.988345702967201825e-03 -6.297412186245741894e-02 -1.157943899999999970e-01 9.361140448488252178e-03 9.999403497291199372e-01 5.627258045343938239e-03 -2.289010600000000034e-02 6.291978569835852964e-02 -6.205370668152063174e-03 9.979992955621478368e-01 2.214178084999999907e+00
9.978778324991868232e-01 -1.080364623205971354e-02 -6.421146809423904089e-02 -1.193925440000000032e-01 1.091861916645568524e-02 9.999393534072474887e-01 1.439882979232740435e-03 -2.308914100000000053e-02 6.419201790116028927e-02 -2.137927872609254789e-03 9.979352755074794024e-01 2.271591901999999941e+00
9.977897369454873377e-01 -1.069772778267582235e-02 -6.558353045195865205e-02 -1.249368339999999966e-01 1.059041935978442990e-02 9.999419523817648647e-01 -1.983654387302382933e-03 -2.404911399999999991e-02 6.560094407887072376e-02 1.284712898715771644e-03 9.978451110511735722e-01 2.352223395999999855e+00
9.976750405622333284e-01 -9.007117423680377488e-03 -6.755283321121330342e-02 -1.292602720000000094e-01 8.820159101221341363e-03 9.999564033029615384e-01 -3.065336332927371538e-03 -2.435273900000000172e-02 6.757749797510345657e-02 2.462382813629033010e-03 9.977109894344674546e-01 2.410792589000000152e+00
9.975995379928316309e-01 -9.552827910775135711e-03 -6.858502223806550724e-02 -1.346489489999999900e-01 9.460331280353354022e-03 9.999538499952628223e-01 -1.673323554285647326e-03 -2.507321499999999939e-02 6.859784201091745359e-02 1.020469773425383177e-03 9.976438716861275591e-01 2.492077112000000039e+00
9.975556449202394038e-01 -6.385334507146545567e-03 -6.958421366227381111e-02 -1.393750759999999866e-01 6.495411149206602348e-03 9.999779855198750456e-01 1.355769012492368626e-03 -2.618883600000000006e-02 6.957402476332595620e-02 -1.804433108850408756e-03 9.975751596242700137e-01 2.551808357000000083e+00
9.974786406034316100e-01 -6.302171605707831623e-03 -7.068694485534189609e-02 -1.438094819999999885e-01 6.488702807667770175e-03 9.999760451805405070e-01 2.409522973384415918e-03 -2.651941799999999946e-02 7.067006633507356972e-02 -2.862114277542539536e-03 9.974956391012737011e-01 2.610402822000000178e+00
9.973398365552318401e-01 -5.774473708752428727e-03 -7.266296080790000944e-02 -1.506379250000000058e-01 6.158840499932179482e-03 9.999681977291292601e-01 5.066775508501819569e-03 -2.673382700000000167e-02 7.263139199877612084e-02 -5.500816643379936519e-03 9.973436829461427289e-01 2.705649853000000160e+00
9.973215217473920813e-01 -5.841176922137430658e-03 -7.290859285180628646e-02 -1.555554869999999923e-01 6.448530876292282721e-03 9.999464201099860228e-01 8.097737879244315193e-03 -2.738669000000000173e-02 7.285738609779845998e-02 -8.546201576591335239e-03 9.973057523796845514e-01 2.777228116999999941e+00
9.973383718069306347e-01 4.359050527237529841e-04 -7.291078183839104498e-02 -1.614730359999999865e-01 2.937095484058190910e-04 9.999499963106450728e-01 9.995929823788591781e-03 -2.748994299999999932e-02 7.291149330662223538e-02 -9.990738967961322950e-03 9.972883731793289463e-01 2.836871624000000036e+00
9.972988688702558724e-01 -1.037890899625147786e-04 -7.345035995781711013e-02 -1.672482789999999997e-01 8.499259491377179291e-04 9.999483573933588554e-01 1.012719962301547767e-02 -2.809214599999999840e-02 7.344551569693742732e-02 -1.016227209575827108e-02 9.972474539701079443e-01 2.917744637000000196e+00
9.972891357557346348e-01 -6.682705109235556303e-04 -7.357943407028916250e-02 -1.712970580000000020e-01 1.291406524689821256e-03 9.999637034729698115e-01 8.421639140366126569e-03 -2.819582799999999917e-02 7.357113545928042897e-02 -8.493830181183759792e-03 9.972538006325598614e-01 2.976587295999999938e+00
9.972817979186646697e-01 2.039754816613936587e-03 -7.365361457799485256e-02 -1.780751050000000113e-01 -1.618469862486560887e-03 9.999819914352431338e-01 5.779044947871855332e-03 -2.797581600000000057e-02 7.366407601687499640e-02 -5.644130180408734633e-03 9.972671395865235766e-01 3.058547974000000114e+00
9.971928921523334211e-01 1.735042863095915275e-03 -7.485536364969506973e-02 -1.832574899999999951e-01 -1.308622559749039174e-03 9.999826395888676833e-01 5.745261341046166773e-03 -2.836533399999999899e-02 7.486403240449306107e-02 -5.631176355258610614e-03 9.971778509899801302e-01 3.128293514000000108e+00
9.970949962842237113e-01 3.768332661596709922e-05 -7.616801799266451067e-02 -1.883272830000000120e-01 4.797593765055251742e-04 9.999769334644175167e-01 6.775128784051724640e-03 -2.877651000000000167e-02 7.616651636975807493e-02 -6.791989330581013964e-03 9.970719786780835037e-01 3.197919129999999832e+00
9.970453749676231325e-01 1.074458410543484548e-03 -7.680732904349585333e-02 -1.933909950000000100e-01 -4.821069844250129642e-04 9.999700045728603381e-01 7.730299309167925140e-03 -2.919501299999999883e-02 7.681333105996249189e-02 -7.670429823534392899e-03 9.970159861696274994e-01 3.256356477999999832e+00
9.969951591074244224e-01 2.832000065230707436e-03 -7.741209525643893974e-02 -1.996014269999999979e-01 -2.487010657616150339e-03 9.999865443287302424e-01 4.552575037653510195e-03 -3.037996199999999994e-02 7.742394651753645163e-02 -4.346370568082690705e-03 9.969887870826504850e-01 3.335206031999999876e+00
9.969173624412217549e-01 3.086388380934248360e-03 -7.839800169647001549e-02 -2.051042020000000132e-01 -3.058746321683451785e-03 9.999952103161421357e-01 4.726687149967729240e-04 -3.074839700000000023e-02 7.839908503405679241e-02 -2.314120493466536753e-04 9.969220280013307844e-01 3.403964043000000217e+00
9.968401075251800414e-01 4.154017926488995198e-03 -7.932555807716705487e-02 -2.103370730000000133e-01 -4.248666921706531312e-03 9.999904496425434663e-01 -1.024428178124445286e-03 -3.116132900000000150e-02 7.932054499671566117e-02 1.358218969881766491e-03 9.968482363843825800e-01 3.472319365000000158e+00
9.968586999517587977e-01 2.845715470280630807e-03 -7.914944241086910304e-02 -2.163010840000000046e-01 -2.640182647400722907e-03 9.999928661904050609e-01 2.701296704724050549e-03 -3.228294799999999881e-02 7.915656489563985265e-02 -2.483842136850567331e-03 9.968591017602043136e-01 3.540389537999999892e+00
9.968456266328411530e-01 1.326968243935223351e-03 -7.935386454520003408e-02 -2.217639979999999900e-01 -8.809638334639163879e-04 9.999836212028996307e-01 5.655194838378342984e-03 -3.284542299999999859e-02 7.936006908831731710e-02 -5.567448357684152277e-03 9.968304685116131658e-01 3.608062029000000059e+00
9.968024658587167908e-01 -5.674733175357606855e-04 -7.990320414110789471e-02 -2.269153590000000109e-01 1.074652118440607091e-03 9.999795486434774894e-01 6.304555306388485644e-03 -3.357818399999999703e-02 7.989799234527740490e-02 -6.370264423151134406e-03 9.967826897325079427e-01 3.675447940999999830e+00
9.967867953272124826e-01 -3.487136284470346206e-03 -8.002452462738800232e-02 -2.316761019999999949e-01 3.889319946830062293e-03 9.999805758397820599e-01 4.870434630399490296e-03 -3.401483599999999968e-02 8.000598634887946814e-02 -5.166025906955478038e-03 9.967809961695054399e-01 3.731845139999999894e+00
9.967520324065278770e-01 -6.132356773183795032e-03 -8.029807029974278532e-02 -2.378718850000000051e-01 6.459576563713853234e-03 9.999718558750728681e-01 3.815930866767873117e-03 -3.482547400000000209e-02 8.027240973132404589e-02 -4.322228379993346692e-03 9.967635921208988226e-01 3.808598041999999850e+00
9.966603193896601542e-01 -7.409568579793753863e-03 -8.132223587409437293e-02 -2.426068339999999934e-01 7.852556374233628581e-03 9.999560152160145154e-01 5.128839215567113259e-03 -3.556644500000000209e-02 8.128065644721374494e-02 -5.750297972365383224e-03 9.966746655557865431e-01 3.864760399000000124e+00
9.965090579092795720e-01 -1.123561049429304577e-02 -8.272519907247520565e-02 -2.481623289999999871e-01 1.200616705843754982e-02 9.998889964585556678e-01 8.823078468843384078e-03 -3.517559199999999858e-02 8.261688360937495534e-02 -9.785490172853411259e-03 9.965333384913683812e-01 3.940421103999999897e+00
9.964576240200241353e-01 -1.188628480388138377e-02 -8.325214571366459926e-02 -2.537896040000000020e-01 1.308714557931254900e-02 9.998178315784639336e-01 1.389353368744899488e-02 -3.551733900000000194e-02 8.307183730334910532e-02 -1.493385051818245900e-02 9.964316584471544225e-01 4.006323337999999623e+00
9.964107909433185251e-01 -1.019895357870089642e-02 -8.403283309284378944e-02 -2.595510779999999906e-01 1.158268776297502467e-02 9.998049729996746349e-01 1.599554029426057677e-02 -3.555271799999999705e-02 8.385330664854945271e-02 -1.691145502372250892e-02 9.963345952304802911e-01 4.072220802000000361e+00
9.962986847377457433e-01 -8.987756856537149758e-03 -8.548772436160473331e-02 -2.652529180000000042e-01 1.006338043831329909e-02 9.998754286453082063e-01 1.215958739081932950e-02 -3.590310399999999819e-02 8.536778762502700291e-02 -1.297487641748346944e-02 9.962650216774446843e-01 4.136846541999999793e+00
9.961962934520443014e-01 -7.494406105268951006e-03 -8.681462313192186975e-02 -2.712726590000000271e-01 7.898853322970198279e-03 9.999594886138312155e-01 4.316161181806492386e-03 -3.597869699999999699e-02 8.677875908648682857e-02 -4.985479745665209392e-03 9.962151333738686887e-01 4.200447558999999664e+00
9.961201426386567803e-01 -6.314684134147981881e-03 -8.777691150768505979e-02 -2.761846780000000168e-01 6.309660691818621409e-03 9.999800378833529901e-01 -3.346890525789899835e-04 -3.637935600000000158e-02 8.777727275038883781e-02 -2.204520213947015175e-04 9.961401014864375014e-01 4.254725456000000072e+00
9.960403217435482848e-01 -1.054490055505631282e-03 -8.889637513268797142e-02 -2.829166650000000116e-01 1.105816140742628406e-03 9.999992491282133633e-01 5.281227814477426792e-04 -3.741253900000000160e-02 8.889575148268683003e-02 -6.243346316285453002e-04 9.960407399170959630e-01 4.326063633000000408e+00
9.959454157774721983e-01 1.475781291146646516e-03 -8.994748946701443260e-02 -2.890308500000000058e-01 -1.230464776536602505e-03 9.999953712013169849e-01 2.782720319021891615e-03 -3.837148099999999895e-02 8.995117980477894404e-02 -2.660760327593620061e-03 9.959426216435399715e-01 4.387939453000000434e+00
9.958241312928924893e-01 4.351524265854617678e-03 -9.118861645687859063e-02 -2.948307989999999768e-01 -3.979839196633693475e-03 9.999830173798175403e-01 4.257444294938203186e-03 -3.932643699999999881e-02 9.120559420740029233e-02 -3.876749736472835921e-03 9.958245379567405298e-01 4.448271751000000052e+00
9.957199901096724926e-01 4.920463399570882378e-03 -9.229025049227675137e-02 -3.005132680000000001e-01 -4.546171663751826832e-03 9.999805692026551007e-01 4.265388650221762883e-03 -4.024637899999999879e-02 9.230944490786090195e-02 -3.827565422984176118e-03 9.957230117476121301e-01 4.507513523000000077e+00
9.955761913764508142e-01 6.803390277118107413e-03 -9.371105081631342371e-02 -3.065604270000000242e-01 -6.380667238739420183e-03 9.999680758792628410e-01 4.809813708783285992e-03 -4.035114100000000009e-02 9.374078221323384197e-02 -4.190596981569210018e-03 9.955878186513679173e-01 4.566439152000000057e+00
9.954442812308954558e-01 7.693002685907987526e-03 -9.503420791683681035e-02 -3.123478889999999897e-01 -7.196679122976171877e-03 9.999586227735206556e-01 5.564220563987640374e-03 -4.130642899999999867e-02 9.507308122863628030e-02 -4.854940839845168533e-03 9.954584565792461426e-01 4.623317719000000103e+00
9.952731057094459377e-01 7.224593854710925807e-03 -9.684652959765083224e-02 -3.165377970000000096e-01 -6.669305437887179146e-03 9.999594206801715179e-01 6.056183447688784187e-03 -4.194181400000000087e-02 9.688635309707119281e-02 -5.381657422241240864e-03 9.952809012268543087e-01 4.671183585999999721e+00
9.951794782406619966e-01 7.296183474894540714e-03 -9.779862880094213062e-02 -3.235376480000000110e-01 -6.631153521820453041e-03 9.999526420008805205e-01 7.123310917609143936e-03 -4.240538900000000166e-02 9.784597023696907370e-02 -6.440455120529700248e-03 9.951807306445531465e-01 4.734438418999999953e+00
9.949939035654853381e-01 9.945149372252883382e-03 -9.943955888619659955e-02 -3.281219009999999936e-01 -9.008810766314984467e-03 9.999107993084717094e-01 9.860768472587414304e-03 -4.294189100000000286e-02 9.952875562416377275e-02 -8.915572346003637280e-03 9.949947433899581917e-01 4.781248568999999726e+00
9.948747318802596551e-01 1.196548892128221180e-02 -1.004046559729985660e-01 -3.349865380000000004e-01 -1.061015903609254830e-02 9.998453940559364206e-01 1.402185830615739620e-02 -4.333841100000000029e-02 1.005569112065915899e-01 -1.288468315496365743e-02 9.948478740735117176e-01 4.842716217000000434e+00
9.947016347280762671e-01 1.523130106376058279e-02 -1.016693923321946302e-01 -3.405970930000000174e-01 -1.369979701969315650e-02 9.997821833489479726e-01 1.574488550703376927e-02 -4.355521500000000129e-02 1.018870621370144280e-01 -1.426861331438627166e-02 9.946936378821232827e-01 4.888372898000000077e+00
9.944893391840777808e-01 1.803408447685930435e-02 -1.032750020396887569e-01 -3.470622300000000271e-01 -1.690962121682048139e-02 9.997879398337286005e-01 1.175330052931159927e-02 -4.428471600000000175e-02 1.034650615402120666e-01 -9.942190910969466583e-03 9.945833971469512091e-01 4.946541308999999664e+00
9.943520630326916354e-01 1.802425429425696252e-02 -1.045901572795740475e-01 -3.515848520000000033e-01 -1.765792217365188405e-02 9.998342836512245091e-01 4.427529802509383092e-03 -4.470475399999999933e-02 1.046526279036476548e-01 -2.555678535891202537e-03 9.945055535189745166e-01 4.988499640999999762e+00
9.942099234057756307e-01 1.686149789343303201e-02 -1.061240693258197615e-01 -3.577973249999999994e-01 -1.710136218534339531e-02 9.998528488682314475e-01 -1.350563396225868676e-03 -4.513420499999999669e-02 1.060856805270501829e-01 3.157609676839700195e-03 9.943519788727940290e-01 5.044043540999999742e+00
9.941587788685136706e-01 1.774865537676762264e-02 -1.064580087686338300e-01 -3.623757360000000038e-01 -1.811194951818857410e-02 9.998329717075092882e-01 -2.446624446363157481e-03 -4.553321400000000241e-02 1.063968029750723548e-01 4.360495252570623093e-03 9.943141889754143481e-01 5.084387301999999664e+00
9.940475388174195848e-01 2.045270354962317252e-02 -1.070101746963439682e-01 -3.690515460000000081e-01 -2.048397267247045392e-02 9.997898556839807105e-01 8.070532563611077567e-04 -4.600238799999999822e-02 1.070041935373764186e-01 1.389744190975855621e-03 9.942575979978727219e-01 5.137026786999999928e+00
9.939034080867573673e-01 2.073569999468528879e-02 -1.082868696530609604e-01 -3.732959330000000242e-01 -2.054256085329363851e-02 9.997847765416607579e-01 2.898928962569002205e-03 -4.671981599999999735e-02 1.083236750997552539e-01 -6.567657662380575051e-04 9.941154611369903416e-01 5.175261020999999850e+00
9.938224426583888160e-01 1.752505449114351993e-02 -1.095893468070504168e-01 -3.785101470000000190e-01 -1.762300716192159722e-02 9.998446999557557557e-01 7.475931737129307142e-05 -4.811616199999999705e-02 1.095736377377532350e-01 1.856996356249546436e-03 9.939769461498835224e-01 5.224400043000000160e+00
9.939751072373020913e-01 9.315421855437806473e-03 -1.092094735279367512e-01 -3.822292090000000142e-01 -9.948180578495962115e-03 9.999367306363977637e-01 -5.250564481061789461e-03 -4.856429999999999775e-02 1.091536526909270277e-01 6.305365956658149675e-03 9.940048905636134080e-01 5.260073185000000429e+00
9.940826540050722304e-01 5.357487132745574268e-03 -1.084941212133374161e-01 -3.867051599999999922e-01 -6.494209888359525618e-03 9.999276354835155978e-01 -1.012664970617519963e-02 -4.942328499999999736e-02 1.084320166932157409e-01 1.077131041090685984e-02 9.940455103403837978e-01 5.306781292000000150e+00
9.943679303249973733e-01 7.532659921645126246e-03 -1.057150801715909250e-01 -3.899039029999999961e-01 -8.676599372997362281e-03 9.999086352062689365e-01 -1.036522374369710196e-02 -5.008406900000000189e-02 1.056273438296237710e-01 1.122409347970879968e-02 9.943424379765036791e-01 5.340782641999999747e+00
9.947805487242743494e-01 1.271287644385399145e-02 -1.012424943013302825e-01 -3.955886960000000174e-01 -1.351690368506611346e-02 9.998822893460653782e-01 -7.259529381420838298e-03 -5.114691700000000008e-02 1.011382874810535792e-01 8.590123665836750175e-03 9.948352911818143518e-01 5.385186195000000176e+00
9.952793586198248610e-01 1.122962880738652761e-02 -9.639965633838293302e-02 -3.988033830000000113e-01 -1.166516085055443672e-02 9.999241358114726586e-01 -3.955583902590023050e-03 -5.190172800000000114e-02 9.634792331773794904e-02 5.061428506662108730e-03 9.953348479852552888e-01 5.417483806999999985e+00
9.957828275652521599e-01 7.607087861092636655e-03 -9.142588550528168989e-02 -4.012020230000000187e-01 -7.614599081316151402e-03 9.999709729641302891e-01 2.666645860405900863e-04 -5.286916299999999680e-02 9.142526022375915828e-02 4.306314482780173583e-04 9.958118478656365902e-01 5.460062503999999706e+00
9.965298272859383077e-01 3.076912070289101152e-03 -8.317954040249160574e-02 -4.032622579999999846e-01 -2.792940488962525683e-03 9.999898688746963193e-01 3.530103595196623905e-03 -5.356530500000000056e-02 8.318955951850652564e-02 -3.285538019779348038e-03 9.965283249496912354e-01 5.491312981000000093e+00
9.973288276170522160e-01 6.741566458440767171e-03 -7.273074236993935793e-02 -4.056591090000000177e-01 -6.512992877256030405e-03 9.999730797808726868e-01 3.379443347247661385e-03 -5.420330200000000181e-02 7.275156718433546665e-02 -2.896721464495798266e-03 9.973458870807961896e-01 5.530991553999999866e+00
9.982976040467177459e-01 1.179885586428507799e-02 -5.711988055726789637e-02 -4.079107339999999970e-01 -1.165695314609053665e-02 9.999280877720871930e-01 2.816864889706956632e-03 -5.465990300000000274e-02 5.714900872222172801e-02 -2.146225698951417012e-03 9.983633529518781691e-01 5.560285568000000289e+00
9.990769507287569073e-01 1.699628860258237464e-02 -3.945088967649027639e-02 -4.089499409999999835e-01 -1.687187150188110621e-02 9.998515879523528493e-01 3.484540311484955830e-03 -5.513201699999999844e-02 3.950425894195321724e-02 -2.815713567833191561e-03 9.992154348700539312e-01 5.598349570999999969e+00
9.997375634103725650e-01 1.560424711546362295e-02 -1.677235160169041062e-02 -4.092114570000000007e-01 -1.553863051089714523e-02 9.998711248626958037e-01 4.035421620238536719e-03 -5.539956299999999889e-02 1.683315977875211866e-02 -3.773743203613291568e-03 9.998511907249478803e-01 5.626078606000000093e+00
9.998868634780504472e-01 1.201807222276187956e-02 9.045782667911639666e-03 -4.069168870000000049e-01 -1.206227041505190598e-02 9.999154983188923707e-01 4.847458521250282322e-03 -5.584181099999999814e-02 -8.986761177464037617e-03 -4.956022773309033159e-03 9.999473365941876635e-01 5.662343025000000196e+00
9.991918797678595032e-01 1.111743235951049950e-02 3.862628772873520633e-02 -4.046190080000000022e-01 -1.135852818825679005e-02 9.999173206249624135e-01 6.027914365074152001e-03 -5.611446500000000226e-02 -3.855607920118313270e-02 -6.461780863492682173e-03 9.992355448765342096e-01 5.688933372000000155e+00
9.973833990445600817e-01 1.042605511843099596e-02 7.153777103731416565e-02 -4.005373720000000026e-01 -1.102562998618754515e-02 9.999072816548794096e-01 7.991469011228853961e-03 -5.698361999999999872e-02 -7.144781867718165425e-02 -8.759307519272735085e-03 9.974058771323013328e-01 5.723405361000000191e+00
9.940045207227650170e-01 1.062699587546694392e-02 1.088213202519104500e-01 -3.955277200000000271e-01 -1.158616944152254975e-02 9.998993724626379365e-01 8.185696457540348608e-03 -5.709615700000000155e-02 -1.087233804679489241e-01 -9.397441539348252992e-03 9.940276226705855311e-01 5.752804755999999742e+00
9.885629248489298249e-01 1.046497824183408379e-02 1.504454314511646518e-01 -3.893367050000000051e-01 -1.182746966475255873e-02 9.998967212224579848e-01 8.164425877393490655e-03 -5.751534600000000191e-02 -1.503444530917536215e-01 -9.850437501757659808e-03 9.885846014912257340e-01 5.781488419000000434e+00
9.805786503493363337e-01 9.926473751335885762e-03 1.958748978249589823e-01 -3.828487400000000207e-01 -1.175563787314932822e-02 9.998974571080374574e-01 8.178034426184446065e-03 -5.794431299999999729e-02 -1.957736332024040959e-01 -1.032184032740869617e-02 9.805947910095107467e-01 5.806095123000000413e+00
9.694563535838701673e-01 1.328971102314958908e-02 2.449035771008401252e-01 -3.734389539999999896e-01 -1.517031799746633089e-02 9.998681360744767765e-01 5.794127613996353371e-03 -5.811681999999999959e-02 -2.447942808721676744e-01 -9.332418972201272922e-03 9.695301264057788471e-01 5.836603164999999649e+00
9.543436874478398169e-01 1.453575340166127217e-02 2.983568971911089718e-01 -3.649640080000000064e-01 -1.602359660623651344e-02 9.998683847216793819e-01 2.541178045751994481e-03 -5.849192999999999754e-02 -2.982806909276234930e-01 -7.205907791923163441e-03 9.544509962866788433e-01 5.858808040999999633e+00
9.353096623724738157e-01 1.452751459486711395e-02 3.535318752140818033e-01 -3.511135579999999923e-01 -1.573958390105253957e-02 9.998759718888537984e-01 5.534780409430380653e-04 -5.910398800000000313e-02 -3.534799866630512488e-01 -6.082117971233487463e-03 9.354223147165525720e-01 5.886987686000000330e+00
9.114210748220354930e-01 1.488758527954522383e-02 4.112055254672409288e-01 -3.400702480000000194e-01 -1.582851639062739235e-02 9.998740973975707158e-01 -1.116880595680139979e-03 -5.966163800000000295e-02 -4.111703812765665211e-01 -5.490824886812106440e-03 9.115419729244206293e-01 5.907231807999999695e+00
8.832840962680005292e-01 1.592148121207397071e-02 4.685677237241540616e-01 -3.232710360000000116e-01 -1.587061954480172010e-02 9.998658222271200602e-01 -4.057213002702891348e-03 -5.951100200000000034e-02 -4.685694491911372439e-01 -3.852788353740608206e-03 8.834182629460496372e-01 5.932177066999999582e+00
8.501948743977610912e-01 1.462933760278398512e-02 5.262648173962222176e-01 -3.096134660000000038e-01 -1.339137226044955289e-02 9.998913489025375023e-01 -6.161293601678263614e-03 -6.003733700000000312e-02 -5.262977737904249720e-01 -1.809107837523736030e-03 8.502984066973635624e-01 5.950206757000000124e+00
8.144532970899481805e-01 1.418776221579769181e-02 5.800556303171452432e-01 -2.894277570000000077e-01 -1.183245664471786057e-02 9.998992354492816093e-01 -7.842953378214148966e-03 -6.058915000000000134e-02 -5.801084552297642860e-01 -4.757638594428477592e-04 8.145391051506898350e-01 5.971999167999999969e+00
7.748670396021583029e-01 1.279472727958122849e-02 6.319947514750643425e-01 -2.736177439999999961e-01 -1.094547116841340650e-02 9.999168152055577519e-01 -6.823439753950879746e-03 -6.127117900000000200e-02 -6.320294831723347606e-01 -1.630221768811316099e-03 7.749426267652953504e-01 5.988036155999999721e+00
7.345464896602691418e-01 1.259483225688905195e-02 6.784414674297236658e-01 -2.501537799999999923e-01 -1.200273687928529731e-02 9.999124652977782191e-01 -5.567409588498212561e-03 -6.151315599999999939e-02 -6.784522008477698041e-01 -4.053633251822895064e-03 7.346333638096469443e-01 6.006305217999999613e+00
6.896270153233108324e-01 1.204749919276126499e-02 7.240645257844514626e-01 -2.325646879999999916e-01 -1.109804752399314032e-02 9.999200081992437594e-01 -6.067169354774254106e-03 -6.162312600000000029e-02 -7.240797007770741756e-01 -3.851618623999371067e-03 6.897055545350915251e-01 6.020096779000000176e+00
6.445578267139043804e-01 1.072581416854889377e-02 7.644803234434944805e-01 -2.076835629999999877e-01 -8.203127975725015703e-03 9.999410548233614859e-01 -7.113056316158697726e-03 -6.247947000000000223e-02 -7.645115543360101462e-01 -1.686353807693778423e-03 6.446078183652235172e-01 6.035511971000000031e+00
5.979418371204049398e-01 7.663073381916027729e-03 8.015028613345173136e-01 -1.883609290000000103e-01 -2.159662978017784073e-03 9.999660709347581999e-01 -7.949392122885028111e-03 -6.307139999999999969e-02 -8.015365838668230269e-01 3.022298073548870638e-03 5.979380991686832347e-01 6.046767234999999907e+00
5.522061510103887239e-01 1.023368162670259748e-02 8.336447915909118711e-01 -1.621093750000000000e-01 -4.981437108377758174e-03 9.999473116328251310e-01 -8.975480077468844797e-03 -6.402164000000000466e-02 -8.336927204135987646e-01 8.035662070126851214e-04 5.522280346113586091e-01 6.060272216999999628e+00
5.056622267577652874e-01 1.342607387847641158e-02 8.626270648261554763e-01 -1.422040460000000006e-01 -8.288890379303940834e-03 9.999083563246918827e-01 -1.070388940211630842e-02 -6.438742599999999761e-02 -8.626917217214143951e-01 -1.737668628521735897e-03 5.057271732674439857e-01 6.069590568999999824e+00
4.601133055270903993e-01 1.575312667239489942e-02 8.877204430883506303e-01 -1.153771880000000055e-01 -9.410344737326412773e-03 9.998729492631279747e-01 -1.286587516568626563e-02 -6.516623500000000291e-02 -8.878103353131562292e-01 -2.433995048850724242e-03 4.602030901452566214e-01 6.081367493000000124e+00
4.181539661123374052e-01 1.293997724081319758e-02 9.082839961231999881e-01 -9.429812399999999706e-02 -1.826110376475919596e-03 9.999084866142969874e-01 -1.340461553343412840e-02 -6.563118799999999309e-02 -9.083743313994593338e-01 3.946566319408934508e-03 4.181393292538641004e-01 6.088109015999999762e+00
3.790387815737040755e-01 5.252106359417187294e-03 9.253658830116395784e-01 -6.516599700000000328e-02 1.330923938003850462e-02 9.998495218468261836e-01 -1.112644641374248809e-02 -6.596737399999999529e-02 -9.252850729425212695e-01 1.653327074303267974e-02 3.789118429770846896e-01 6.095884322999999938e+00
3.438793975206965725e-01 1.851949754949897171e-03 9.390119968578184428e-01 -3.945291000000000076e-02 1.739326722928607322e-02 9.998139293023267093e-01 -8.341524329083003370e-03 -6.617906699999999420e-02 -9.388527223243766651e-01 1.920096495354286711e-02 3.437832001843014185e-01 6.102545737999999886e+00
3.108163406672188600e-01 5.943742765341033726e-03 9.504514055416926066e-01 -1.355004299999999946e-02 1.501151169235058307e-02 9.998250216744625218e-01 -1.116156576699255110e-02 -6.675859500000000391e-02 -9.503514386220237586e-01 1.773690941511328958e-02 3.106727299803609954e-01 6.109957695000000300e+00
2.789825414327037900e-01 1.359487056881147904e-02 9.601999380701743414e-01 8.280277000000000817e-03 3.771617408510847223e-03 9.998765611169450063e-01 -1.525245655873083001e-02 -6.772670899999999605e-02 -9.602887672350818304e-01 7.876675895923144349e-03 2.788968294888937161e-01 6.116658210999999845e+00
2.517528180572834451e-01 1.798022592772119399e-02 9.676245294926151264e-01 3.990924400000000344e-02 -1.076967023199695492e-03 9.998319884417660175e-01 -1.829849804260829868e-02 -6.936082999999999832e-02 -9.677909685165735354e-01 3.564598739339658491e-03 2.517298847844257059e-01 6.123397826999999793e+00
2.263635294929157160e-01 1.957469946915902509e-02 9.738461806960079237e-01 6.825828600000000135e-02 5.177741431660262683e-04 9.997954886981577083e-01 -2.021664385472426301e-02 -7.042534599999999978e-02 -9.740427528735309259e-01 5.080543229242030605e-03 2.263071003195641362e-01 6.128108500999999819e+00
2.035651663590212490e-01 2.109909365882324528e-02 9.788340264273610591e-01 9.805202500000000099e-02 8.113866174894913616e-03 9.996970757471167479e-01 -2.323621996709908724e-02 -7.102585599999999832e-02 -9.790277770425716009e-01 1.267221328102249508e-02 2.033323063107296269e-01 6.131758689999999845e+00
1.834970708667304218e-01 2.684949437532003699e-02 9.826535145386290360e-01 1.227471829999999958e-01 1.506989428721173044e-02 9.994326191226294842e-01 -3.012205371240796181e-02 -7.133978600000000225e-02 -9.829047376371233824e-01 2.033579320977139948e-02 1.829883390957659506e-01 6.134769440000000351e+00
1.639883701871648614e-01 3.383399157528355766e-02 9.858818770306312373e-01 1.613520979999999994e-01 1.632647368921346515e-02 9.991816621052003189e-01 -3.700611259731003549e-02 -7.164943199999999901e-02 -9.863271570327121207e-01 2.216454661780856497e-02 1.633017825162793590e-01 6.139589787000000243e+00
1.464759502082253195e-01 3.468846101476012744e-02 9.886058398993123886e-01 1.948008539999999955e-01 1.409870661726616431e-02 9.992102596576466489e-01 -3.714947464794883525e-02 -7.273657599999999723e-02 -9.891137560879020851e-01 1.937956829565109021e-02 1.458712098063097429e-01 6.144220828999999995e+00
1.307899616534481391e-01 3.040878865486327035e-02 9.909436368952743157e-01 2.294582719999999909e-01 1.248946827025413167e-02 9.993996417832058388e-01 -3.231670134661195071e-02 -7.452924499999999397e-02 -9.913314274817558447e-01 1.660305924050307219e-02 1.303316512242534975e-01 6.148568629999999757e+00
1.161160613198519154e-01 2.712607094274775699e-02 9.928651653566932245e-01 2.645746469999999961e-01 1.268886320560678495e-02 9.995049001941904709e-01 -2.879144383928845807e-02 -7.621358300000000141e-02 -9.931545967542586562e-01 1.594147932315313765e-02 1.157143732769430056e-01 6.152231693000000057e+00
1.030547177534061332e-01 2.464817918674612474e-02 9.943702491585033609e-01 3.014072179999999768e-01 1.501391260886208827e-02 9.995404892530493912e-01 -2.633235219170749694e-02 -7.758588299999999438e-02 -9.945623698777967814e-01 1.764306114461789213e-02 1.026372973947971001e-01 6.155067444000000165e+00
9.148295665714333003e-02 2.378785710668613815e-02 9.955224791512943261e-01 3.389555810000000058e-01 1.870659397549687478e-02 9.994971775498767697e-01 -2.560186344127977909e-02 -7.877675400000000439e-02 -9.956309215683808445e-01 2.096496897450401964e-02 9.099196718829050123e-02 6.157449244999999571e+00
