9.999985655210323898e-01 8.561571747327099318e-04 1.461489230065443536e-03 -2.907429999999999910e-04 -8.495939043447546220e-04 9.999895790102248938e-01 -4.485539114841582617e-03 -2.477350000000000125e-04 -1.465314326396836321e-03 4.484291008088935396e-03 9.999888719321228248e-01 8.214812700000000134e-02
9.999968062360033993e-01 -1.215089860725397999e-03 2.216094407589434909e-03 -2.664939999999999865e-04 1.227123246491532583e-03 9.999844678670901654e-01 -5.436744716309322920e-03 -3.446100000000000091e-05 -2.209453853536415702e-03 5.439446773593762524e-03 9.999827652177142312e-01 1.636671130000000030e-01
9.999928401776414510e-01 -2.822798930595312675e-03 2.520198335743884487e-03 -4.556769999999999809e-04 2.826253639002457210e-03 9.999950700095430189e-01 -1.368300762694053992e-03 -1.569110000000000025e-04 -2.516323473260474210e-03 1.375413685621064072e-03 9.999958881682320389e-01 2.456174939999999918e-01
9.999849840257355460e-01 -5.173810766962707794e-03 1.806489744581120816e-03 -3.576340000000000118e-04 5.165185265070794396e-03 9.999753922313762144e-01 4.747187892094538800e-03 -2.697970000000000056e-04 -1.831006342728378703e-03 -4.737785754233109561e-03 9.999871003177590589e-01 3.272035719999999981e-01
9.999613749169148358e-01 -8.782133597154356472e-03 3.504336670286992399e-04 -1.485520000000000102e-04 8.780346536790268122e-03 9.999498774996619099e-01 4.811237169905940338e-03 -1.526520000000000014e-04 -3.926690300108139336e-04 -4.807974406435840294e-03 9.999883645288778489e-01 4.078010919999999762e-01
9.999373885315289145e-01 -1.118001192255367419e-02 -4.757627115309218720e-04 -1.793949999999999993e-04 1.118084853766634044e-02 9.999358835282564639e-01 1.793727555381157465e-03 2.581920000000000243e-04 4.556783118494970143e-04 -1.798934678282374574e-03 9.999982780941671923e-01 4.875990150000000245e-01
9.999298563013706564e-01 -1.179181110435704831e-02 -1.111606045132663458e-03 -5.438599999999999598e-04 1.178989020262754574e-02 9.999290191753286150e-01 -1.719040451930728972e-03 6.117940000000000314e-04 1.131797742708785890e-03 1.705814158854645742e-03 9.999979046137672523e-01 5.670127870000000181e-01
9.999320392081189057e-01 -1.148863565970298893e-02 -1.981972696961632318e-03 -8.112700000000000033e-04 1.148424783836028175e-02 9.999316089376644179e-01 -2.211221137973424979e-03 5.084860000000000508e-04 2.007241061760577008e-03 2.188309395973093551e-03 9.999955911329346803e-01 6.466766600000000143e-01
9.999345276384964398e-01 -1.107565740699201044e-02 -2.875804127560339929e-03 -1.585608999999999977e-03 1.107437944311340065e-02 9.999385714055973873e-01 -4.599296501678209288e-04 5.900239999999999738e-04 2.880721494191582771e-03 4.280517913748240009e-04 9.999957590986758849e-01 7.258595230000000065e-01
9.999319113051793328e-01 -1.105016507173822195e-02 -3.750547354481910747e-03 -1.929603999999999911e-03 1.105863194401327486e-02 9.999363328115131733e-01 2.244322389865893892e-03 7.831910000000000304e-04 3.725508434794347866e-03 -2.285645499665419494e-03 9.999904481601572526e-01 8.047932389999999936e-01
9.999242415158811070e-01 -1.131820248289300800e-02 -4.838338707250442426e-03 -2.265327000000000139e-03 1.133786950295019059e-02 9.999274944630304196e-01 4.056911635731185427e-03 5.630159999999999505e-04 4.792070953556022174e-03 -4.111460743129335786e-03 9.999800657745802068e-01 8.835482599999999742e-01
9.999039340736237680e-01 -1.277668881865234515e-02 -5.373904253109241559e-03 -2.978672999999999824e-03 1.280199320734436846e-02 9.999070004107709631e-01 4.701010471543615177e-03 1.122127000000000107e-03 5.313341134293007341e-03 -4.769355550362985516e-03 9.999745105019551827e-01 9.621654149999999683e-01
9.999024449183603336e-01 -1.251948117910543085e-02 -6.193806365349691090e-03 -3.536379999999999992e-03 1.254781405497118127e-02 9.999108896658626122e-01 4.556872838358766095e-03 1.312290999999999935e-03 6.136204749459483326e-03 -4.634147022821902273e-03 9.999704353992889816e-01 1.040106653999999908e+00
9.998926745828010665e-01 -1.277771417181450438e-02 -7.167240486843434559e-03 -3.881466999999999990e-03 1.280251228248875141e-02 9.999121794243575057e-01 3.424780005827565959e-03 1.317873999999999912e-03 7.122850195642301853e-03 -3.516171124248989362e-03 9.999684502751652326e-01 1.117112756000000040e+00
9.998769468597458188e-01 -1.322564546293288415e-02 -8.436435297079609985e-03 -4.871524999999999814e-03 1.323732978649288031e-02 9.999114973204086265e-01 1.330648932715671655e-03 1.757731999999999914e-03 8.418089958929890482e-03 -1.442161068435776758e-03 9.999635273013190995e-01 1.194840431000000036e+00
9.998464810476039855e-01 -1.439188301720621156e-02 -9.994400429355631416e-03 -6.211223000000000091e-03 1.439221631526244917e-02 9.998964259468815508e-01 -3.857702738316200186e-05 1.987796000000000007e-03 9.993920464859924746e-03 -1.052704678423065484e-04 9.999500539886333472e-01 1.271392107000000049e+00
9.998276473892511174e-01 -1.429742800580044784e-02 -1.184310214826549135e-02 -6.767073999999999659e-03 1.429143209860843713e-02 9.998976977535798394e-01 -5.907585474593966476e-04 1.822045000000000001e-03 1.185033690011225160e-02 4.214018384925998558e-04 9.999296934964199135e-01 1.349127293000000005e+00
9.998281013895473635e-01 -1.292189529815289915e-02 -1.329632632258396716e-02 -8.648084000000000326e-03 1.290195203709891721e-02 9.999155107727110137e-01 -1.584597671662814648e-03 1.970288000000000161e-03 1.331567893145011242e-02 1.412776717041335081e-03 9.999103443592042284e-01 1.424446702000000009e+00
9.998132060596680581e-01 -1.150115934345318294e-02 -1.553307189335958322e-02 -9.407030000000000253e-03 1.148966587843792270e-02 9.999336479873099925e-01 -8.289757490009852818e-04 1.415306999999999980e-03 1.554157542495731778e-02 6.503510952339330116e-04 9.998790109192028375e-01 1.500802159000000024e+00
9.997928182567936695e-01 -1.191122208948146646e-02 -1.650585806533248767e-02 -1.170687200000000011e-02 1.190432064819825150e-02 9.999290077652648323e-01 -5.163133524172210716e-04 1.752651000000000035e-03 1.651083620059061452e-02 3.197153547334594418e-04 9.998636357374185435e-01 1.577003955999999985e+00
9.997639744559018160e-01 -1.134907520264892555e-02 -1.852549249503229745e-02 -1.273240699999999941e-02 1.136631812587785353e-02 9.999350603766729018e-01 8.257371015506064643e-04 1.756642000000000099e-03 1.851491810406460242e-02 -1.036108847639030791e-03 9.998280473591725226e-01 1.652761458999999933e+00
9.997610016256376353e-01 -1.102384447480318601e-02 -1.887894280665882579e-02 -1.588939099999999924e-02 1.104912730029576802e-02 9.999381933499692510e-01 1.235421345675565647e-03 1.939881999999999978e-03 1.886415686967224392e-02 -1.443721924348072934e-03 9.998210136082366084e-01 1.728253602999999972e+00
9.997036275353088364e-01 -1.219070297285682232e-02 -2.107234808396904815e-02 -1.695576099999999975e-02 1.221563211623980481e-02 9.999248301379782822e-01 1.054706374286631292e-03 2.131774999999999816e-03 2.105790646633859745e-02 -1.311805840378075160e-03 9.997773970943192312e-01 1.802929044000000092e+00
9.996730003273112120e-01 -1.255015834650481145e-02 -2.227972042170297401e-02 -1.925993000000000149e-02 1.256306291222284398e-02 9.999209850990513626e-01 4.393276751746098959e-04 2.081756000000000145e-03 2.227244635991124794e-02 -7.190855444932153307e-04 9.997516796930748795e-01 1.876946449000000072e+00
9.996594546077087751e-01 -1.270319276613340702e-02 -2.279481754620298409e-02 -2.207315699999999950e-02 1.273696205140834904e-02 9.999179879322641629e-01 1.336864687790488733e-03 1.695656999999999937e-03 2.277596564625112077e-02 -1.626746150735709166e-03 9.997392705529987156e-01 1.951226233999999948e+00
9.996242910335187970e-01 -1.244719821970586421e-02 -2.442015626924150598e-02 -2.348585400000000045e-02 1.252132701473456303e-02 9.999174431798840690e-01 2.884994695555198607e-03 2.316905000000000180e-03 2.438223011795480691e-02 -3.189683539577920987e-03 9.996976206700666223e-01 2.024093865999999853e+00
9.995812917815787291e-01 -1.378935592052142438e-02 -2.543805777899648887e-02 -2.519611600000000104e-02 1.394237422650104925e-02 9.998857001936977129e-01 5.847798653097619793e-03 2.420863000000000095e-03 2.535451283694052996e-02 -6.200017052892020132e-03 9.996592961941309641e-01 2.097109078999999987e+00
9.995771550121378413e-01 -1.315393731490481673e-02 -2.593231788629902709e-02 -2.732319899999999940e-02 1.335059361096766102e-02 9.998833091197781853e-01 7.424944034595883612e-03 2.486810999999999796e-03 2.583162457290092903e-02 -7.768016271716104461e-03 9.996361263455453283e-01 2.168839692999999791e+00
9.995687739365543001e-01 -1.259736097309089621e-02 -2.652494425040939630e-02 -3.014641300000000038e-02 1.276497770847042669e-02 9.998995535782774224e-01 6.159391046512989812e-03 2.763096999999999949e-03 2.644468784228570096e-02 -6.495325278633676605e-03 9.996291758619537671e-01 2.240432262000000119e+00
9.995611100206123201e-01 -1.067376305620839488e-02 -2.763436477614728340e-02 -3.181395699999999688e-02 1.077638609402086292e-02 9.999355697276304245e-01 3.567337414891423152e-03 2.977794000000000187e-03 2.759450737218989771e-02 -3.863570330537706345e-03 9.996117326178135531e-01 2.308683872000000026e+00
9.995403525030204239e-01 -1.016401062561348052e-02 -2.856180327185365436e-02 -3.397924799999999662e-02 1.021141281821207579e-02 9.999467156059921313e-01 1.514264522841823630e-03 3.451413999999999871e-03 2.854489037277439106e-02 -1.805224858985592529e-03 9.995908815094377564e-01 2.377460002999999933e+00
9.995143883387914707e-01 -9.860232830620480407e-03 -2.955948768598103821e-02 -3.617591400000000346e-02 9.914245875611881961e-03 9.999494392726747671e-01 1.681257559453483560e-03 3.098628999999999880e-03 2.954141554579982343e-02 -1.973501150053055386e-03 9.995616089370185087e-01 2.445543289000000176e+00
9.994905317170335035e-01 -9.356304163871499019e-03 -3.051453064352640382e-02 -3.882773199999999675e-02 9.381006913700751237e-03 9.999557752815581013e-01 6.664760634635852376e-04 3.339113999999999798e-03 3.050694539423260548e-02 -9.523935379831487526e-04 9.995341010837309748e-01 2.511883019999999966e+00
9.994070205978176080e-01 -9.884232711936993473e-03 -3.298346742672324944e-02 -4.077240499999999768e-02 9.898156743983360997e-03 9.999509785323499322e-01 2.588923857298293580e-04 3.191106999999999885e-03 3.297929157615390322e-02 -5.852143984274860156e-04 9.994558638835648878e-01 2.579017161999999974e+00
9.993409606057163108e-01 -1.012322306392125087e-02 -3.485921413977124961e-02 -4.356619300000000305e-02 1.013824557386215283e-02 9.999485743543958804e-01 2.542111237772057253e-04 3.065394999999999839e-03 3.485484804626752531e-02 -6.074548620930203448e-04 9.993922005730594416e-01 2.644484997000000170e+00
9.992853509170137594e-01 -9.831455433131736435e-03 -3.649835512357839373e-02 -4.690914999999999668e-02 9.882804691719994025e-03 9.999504114087641726e-01 1.226741565506600474e-03 3.522668000000000067e-03 3.648448456653614891e-02 -1.586570991027113275e-03 9.993329601181002442e-01 2.709277629999999881e+00
9.992007022371015568e-01 -9.930852929797640352e-03 -3.872124493052519351e-02 -4.906289300000000325e-02 1.006704708490335255e-02 9.999438015347762443e-01 3.323903604228126748e-03 3.898660999999999880e-03 3.868605965814213982e-02 -3.711055411414850101e-03 9.992445230552229329e-01 2.774891615000000034e+00
9.991360771033148680e-01 -8.549301336745092350e-03 -4.066950795439025490e-02 -5.244135099999999716e-02 8.737865176348995344e-03 9.999518734626063887e-01 4.460994371602577079e-03 4.541512000000000153e-03 4.062941228665055415e-02 -4.812505093716882253e-03 9.991626947859714170e-01 2.838686705000000199e+00
9.990702872735499618e-01 -7.709968329620981754e-03 -4.241600494509897845e-02 -5.576130700000000301e-02 7.932928512197177581e-03 9.999555756996157951e-01 5.090704516111333074e-03 4.235052999999999908e-03 4.237487147315951996e-02 -5.422454758338580462e-03 9.990870669025934125e-01 2.899731398000000127e+00
9.990006994723157341e-01 -5.122590356284226730e-03 -4.440001713812277706e-02 -5.938332500000000069e-02 5.335353926554885044e-03 9.999748398438081942e-01 4.674791741729403781e-03 3.980820999999999839e-03 4.437495298366284091e-02 -4.907010025652067987e-03 9.990028952912528570e-01 2.959869622999999894e+00
9.989328769939108676e-01 -3.666008010446022199e-03 -4.603984845691465322e-02 -6.247972000000000248e-02 3.831134850839048884e-03 9.999865400326046760e-01 3.498879731398519318e-03 4.634697000000000122e-03 4.602640184093263753e-02 -3.671530864292239012e-03 9.989334763610085988e-01 3.021480798999999884e+00
9.988296654492236915e-01 -3.766577537512789606e-03 -4.821941841463436851e-02 -6.484603099999999842e-02 4.000646061468627994e-03 9.999806748653687904e-01 4.758647590677821289e-03 4.862177999999999986e-03 4.820056275275769186e-02 -4.945987207354298441e-03 9.988254316750559969e-01 3.083834410000000137e+00
9.988135886553461962e-01 -1.741015252750364312e-03 -4.866604548675035335e-02 -6.926401699999999717e-02 2.067884906330407727e-03 9.999756368856982380e-01 6.667044851829484128e-03 4.935196000000000201e-03 4.865325240354373415e-02 -6.759770775094799122e-03 9.987928546648825456e-01 3.140337229000000008e+00
9.987927704873413859e-01 6.986930621744784700e-04 -4.911734368047653010e-02 -7.239864799999999601e-02 -3.540986104635598670e-04 9.999752680800293447e-01 7.024090150870647767e-03 5.031006000000000193e-03 4.912103659731995031e-02 -6.998218078794023883e-03 9.987683158307167908e-01 3.200007676999999884e+00
9.988545939216266767e-01 4.123303381440915349e-03 -4.767073075679575944e-02 -7.583608499999999752e-02 -3.873270535413933079e-03 9.999782612341581167e-01 5.336181637586126861e-03 4.532427999999999804e-03 4.769169714973256480e-02 -5.145427905861183968e-03 9.988488507249952963e-01 3.254940748000000106e+00
9.989325684212303491e-01 5.979056056758265576e-03 -4.580365308612661251e-02 -7.896944899999999712e-02 -5.880291398246732630e-03 9.999800872360526949e-01 2.290699554317513972e-03 4.686354000000000214e-03 4.581643722983923944e-02 -2.018915562025134364e-03 9.989478355046962355e-01 3.309692860000000181e+00
9.989974648805656221e-01 6.531536055876730439e-03 -4.428774321359934402e-02 -8.048706499999999653e-02 -6.530261398096337024e-03 9.999786625713796839e-01 1.734590076005357816e-04 5.521080000000000258e-03 4.428793118080213281e-02 1.159254310629367413e-04 9.990188014812428907e-01 3.364370583999999997e+00
9.991478815934682345e-01 7.344050080954613209e-03 -4.061496812375189891e-02 -8.387322699999999465e-02 -7.306706153392856194e-03 9.999727355206410317e-01 1.067829833872913168e-03 5.568464000000000400e-03 4.062170297356972049e-02 -7.701582789067534405e-04 9.991743011625912052e-01 3.419396877000000057e+00
9.992166344705016856e-01 1.232110579553334986e-02 -3.760728319646543250e-02 -8.641059700000000565e-02 -1.219256101942443188e-02 9.999190225244084518e-01 3.645524601386401428e-03 5.725156999999999816e-03 3.764915474790223038e-02 -3.184139727929057202e-03 9.992859462641119350e-01 3.473320483999999819e+00
9.993101806159101486e-01 1.637512363651212263e-02 -3.333194028684836885e-02 -8.935686900000000543e-02 -1.614256530071719528e-02 9.998435293700528304e-01 7.234249259488080216e-03 5.543797999999999955e-03 3.344518654319578177e-02 -6.691195911439492064e-03 9.994181544250463345e-01 3.526487111999999868e+00
9.993445914267516939e-01 2.128836475322944816e-02 -2.927786044491816758e-02 -9.093314399999999353e-02 -2.106384481431108208e-02 9.997464778460647405e-01 7.955782552740067043e-03 6.106053000000000175e-03 2.943980345955566486e-02 -7.333863955741288555e-03 9.995396502449221954e-01 3.578169346000000139e+00
9.994089624860177379e-01 2.491951726897418534e-02 -2.368002030621592716e-02 -9.313425399999999965e-02 -2.473078095856482556e-02 9.996602698519448937e-01 8.230027503968903937e-03 6.513075999999999588e-03 2.387706380192063452e-02 -7.639537853685559807e-03 9.996857122543969520e-01 3.627485752000000119e+00
9.994253477201127112e-01 2.883899207172509194e-02 -1.781254812818372849e-02 -9.449298700000000051e-02 -2.865969528570678354e-02 9.995367710503478831e-01 1.024037032411407103e-02 6.806341999999999948e-03 1.809961879881233707e-02 -9.723983470344695762e-03 9.997889016911550852e-01 3.676180600999999992e+00
9.993509685266561693e-01 3.423879446016374339e-02 -1.119583220439927286e-02 -9.581497299999999773e-02 -3.410687769293245519e-02 9.993488974888746768e-01 1.176868649467591177e-02 6.738972000000000191e-03 1.159148820789416591e-02 -1.137919336707490792e-02 9.998680669765591666e-01 3.722638845000000085e+00
9.992928731357098027e-01 3.738151258697450241e-02 -4.046753870452927775e-03 -9.624769499999999423e-02 -3.733345191343867553e-02 9.992382530565211418e-01 1.136340603774279104e-02 6.895631999999999630e-03 4.468452573891884029e-03 -1.120429137703558842e-02 9.999272457465759878e-01 3.768512964000000132e+00
9.991539415913009980e-01 4.100265817211822678e-02 3.191085299318815148e-03 -9.657517100000000132e-02 -4.103737376791365826e-02 9.990890686084205052e-01 1.170328763174085726e-02 6.734773999999999795e-03 -2.708312537292208166e-03 -1.182433972698404209e-02 9.999264223097723558e-01 3.810670376000000026e+00
9.989391827187965589e-01 4.484117227556507629e-02 1.047752346959398249e-02 -9.633997099999999647e-02 -4.495899948973953314e-02 9.989249828719781732e-01 1.129455440022233449e-02 6.985116999999999889e-03 -9.959798892768807407e-03 -1.175363191405429629e-02 9.998813202289782431e-01 3.853276253000000207e+00
9.986017538353704204e-01 4.947131661197479158e-02 1.863131958826758083e-02 -9.694534500000000221e-02 -4.963445896503282384e-02 9.987321442884137257e-01 8.397883561689618512e-03 7.435311000000000003e-03 -1.819224340676235674e-02 -9.310896720776758520e-03 9.997911529324933211e-01 3.891653299000000121e+00
9.982957643427196048e-01 5.201619813257452041e-02 2.645528354068058322e-02 -9.610552299999999826e-02 -5.218470793914854744e-02 9.986210731651266048e-01 5.719133486504119485e-03 6.863634999999999875e-03 -2.612131605970151663e-02 -7.089947980305454089e-03 9.996336376317803696e-01 3.928702116000000188e+00
9.980337469809208439e-01 5.224439394118134128e-02 3.462893571772093781e-02 -9.527991700000000563e-02 -5.244881757944824807e-02 9.986109920372567839e-01 5.020768555072756094e-03 7.786846000000000045e-03 -3.431852883998898207e-02 -6.827143186172431565e-03 9.993876268466477253e-01 3.965155839999999987e+00
9.977936720369905421e-01 5.135027172215400615e-02 4.208250987048645086e-02 -9.214456399999999825e-02 -5.164951055773951694e-02 9.986469236819925932e-01 6.053914406264517337e-03 8.310724000000000236e-03 -4.171469887323403514e-02 -8.214098523476178609e-03 9.990957974505557670e-01 3.999231339000000052e+00
9.972987898358466330e-01 5.305835540824013763e-02 5.079305772769218685e-02 -9.202432600000000351e-02 -5.348351185580055289e-02 9.985438656492084952e-01 7.047150765097728517e-03 7.927353999999999304e-03 -5.034518598164314240e-02 -9.744706034994112323e-03 9.986843359904896689e-01 4.031940460000000392e+00
9.966662742919666362e-01 5.579157363294213329e-02 5.952846378439691222e-02 -9.023007800000000522e-02 -5.631271952431724653e-02 9.983878498975662374e-01 7.111877156586177140e-03 8.233802000000000135e-03 -5.903571214735905959e-02 -1.044037779368111110e-02 9.982012738935867047e-01 4.061132908000000263e+00
9.958073228765839113e-01 6.077800615341798912e-02 6.836526657145478025e-02 -8.862790500000000682e-02 -6.136493306674611209e-02 9.980941261697992006e-01 6.516156463650960018e-03 8.063852999999999299e-03 -6.783893200135712731e-02 -1.068406633076078929e-02 9.976390780395258950e-01 4.089374541999999835e+00
9.949333194404915703e-01 6.439591382370779549e-02 7.720658100145602609e-02 -8.603122800000000125e-02 -6.509392875700972803e-02 9.978576047273015615e-01 6.555999303663274935e-03 8.170590000000000144e-03 -7.661899442111030911e-02 -1.154846183272433338e-02 9.969935620269551046e-01 4.115504265000000217e+00
9.942079726610574264e-01 6.364294148855552391e-02 8.660302013136886301e-02 -8.429768699999999615e-02 -6.451419272523377380e-02 9.978901172871318392e-01 7.296078240091184025e-03 7.806740999999999854e-03 -8.595595403578146221e-02 -1.284094308679994273e-02 9.962161834393377102e-01 4.137497425000000284e+00
9.932776596693251303e-01 6.264836555426413212e-02 9.733793245804808758e-02 -8.134549900000000167e-02 -6.349721710610976844e-02 9.979660529831410054e-01 5.644511761892930315e-03 7.122843000000000230e-03 -9.678633282446341690e-02 -1.178725526277751672e-02 9.952353824054701592e-01 4.160691261000000196e+00
9.921077806643935348e-01 6.136899026086473780e-02 1.093434889672610516e-01 -7.879176699999999867e-02 -6.187476197584970000e-02 9.980831567288376283e-01 1.235347979550246826e-03 7.140889000000000091e-03 -1.090580825780629454e-01 -7.991200695798061915e-03 9.940032572058483673e-01 4.182358741999999907e+00
9.904970550748065650e-01 6.238443857078336541e-02 1.225714718535431125e-01 -7.525855300000000581e-02 -6.247568984135525028e-02 9.980416636928172158e-01 -3.102533177964827103e-03 7.429856000000000307e-03 -1.225249854804420502e-01 -4.584687282874326010e-03 9.924548395647712073e-01 4.205075264000000423e+00
9.883991435971585249e-01 6.408703196375488409e-02 1.376952623385432894e-01 -7.103097399999999673e-02 -6.398955579225927559e-02 9.979373362789865087e-01 -5.139028109510222417e-03 7.000166999999999848e-03 -1.377405883750789650e-01 -3.731647689380366423e-03 9.904613092491848514e-01 4.225736618000000000e+00
9.858608877607845100e-01 6.579295529697061495e-02 1.541090426185587059e-01 -6.733208899999999775e-02 -6.553820815611501038e-02 9.978273081910490339e-01 -6.738419687947189499e-03 7.223631999999999796e-03 -1.542175517092774506e-01 -3.456886098210333689e-03 9.880308682846403734e-01 4.247365474999999613e+00
9.829972744047483779e-01 6.665325675846552056e-02 1.710955928021701267e-01 -6.315958500000000420e-02 -6.630965382174235090e-02 9.977691597946657387e-01 -7.728749749306051270e-03 6.874878000000000065e-03 -1.712290522162539519e-01 -3.747949591013459078e-03 9.852241189450178238e-01 4.268121718999999814e+00
9.797455893078135247e-01 6.534384462843891017e-02 1.892848705022659728e-01 -5.802500199999999914e-02 -6.480633346693102925e-02 9.978569623250143072e-01 -9.034482944130896656e-03 7.030614000000000134e-03 -1.894695737432744165e-01 -3.415363621825785994e-03 9.818806525830278131e-01 4.289177894999999907e+00
9.759232128398797057e-01 6.453758597174727440e-02 2.083477444975736226e-01 -5.163162899999999833e-02 -6.399043525259048848e-02 9.979064994728704674e-01 -9.372433301230605890e-03 6.604083000000000175e-03 -2.085164426045843233e-01 -4.185487634830798061e-03 9.780099052958450834e-01 4.309243202000000217e+00
9.713776589628461133e-01 6.480598001619988779e-02 2.285292730089531765e-01 -4.627299299999999838e-02 -6.410089177378730518e-02 9.978880272158493492e-01 -1.051479020549388535e-02 6.235863999999999817e-03 -2.287280466879082763e-01 -4.435097901991083211e-03 9.734802568952971580e-01 4.330195426999999597e+00
9.660569030295101944e-01 6.714198453626113450e-02 2.494514261766482832e-01 -3.977811299999999689e-02 -6.602918872903065783e-02 9.977351266196584634e-01 -1.283601749142053786e-02 6.111763000000000091e-03 -2.497482859697287005e-01 -4.070751992749417451e-03 9.683022372345300166e-01 4.350215912000000351e+00
9.597561952818502995e-01 6.825984267839406427e-02 2.724126272690524098e-01 -3.306233900000000309e-02 -6.665948193538114019e-02 9.976609668164815314e-01 -1.513633901938927703e-02 5.888029999999999826e-03 -2.728086492144509712e-01 -3.631689458665852271e-03 9.620614594429310884e-01 4.371247291999999618e+00
9.523843979052543096e-01 6.939655694788346429e-02 2.968974174869584703e-01 -2.534878299999999973e-02 -6.760088015133886019e-02 9.975788951390974768e-01 -1.632387747509390918e-02 5.522624000000000283e-03 -2.973114185991019842e-01 -4.523920516181450732e-03 9.547698437391876070e-01 4.391917706000000088e+00
9.437774441944408732e-01 7.237796992234077353e-02 3.225609481938719325e-01 -1.741683499999999857e-02 -7.065129102172368336e-02 9.973549372906358457e-01 -1.707407798258795198e-02 4.709071999999999911e-03 -3.229435413609826888e-01 -6.675217742704958081e-03 9.463946906874081133e-01 4.411807060000000114e+00
9.339219329545050963e-01 7.435047244189657567e-02 3.496595921667067230e-01 -8.329510999999999513e-03 -7.257449390328449268e-02 9.971969567932530421e-01 -1.819813718370904762e-02 4.070423999999999570e-03 -3.500325213193811180e-01 -8.380728485146794748e-03 9.367000573336458080e-01 4.431519508000000052e+00
9.227134124017869476e-01 7.505341120738114047e-02 3.781096984209549872e-01 1.555324000000000073e-03 -7.302556803587532952e-02 9.971350695400136299e-01 -1.972104222575156093e-02 3.485665000000000204e-03 -3.785065719203399848e-01 -9.414805338820796121e-03 9.255507206272083343e-01 4.451999663999999690e+00
9.101042454496762746e-01 7.338632844469605843e-02 4.078292647810876081e-01 1.365125199999999914e-02 -7.054073029076002310e-02 9.972655085765378402e-01 -2.203430901175508841e-02 2.958900999999999892e-03 -4.083310761924954235e-01 -8.715055994453289878e-03 9.127922983978842275e-01 4.471543311999999659e+00
8.951243738730041422e-01 7.065658375082276010e-02 4.401817834385302053e-01 2.555477600000000127e-02 -6.659997181007196176e-02 9.974745266371300989e-01 -2.467817790945732101e-02 2.010472000000000127e-03 -4.408137918139128919e-01 -7.226055818783726908e-03 8.975694875963331487e-01 4.490966320000000067e+00
8.778646532076341824e-01 7.006505837676611781e-02 4.737557791133533702e-01 3.924238699999999663e-02 -6.391966457143453961e-02 9.975311173351796290e-01 -2.908515822723613947e-02 1.361474000000000104e-03 -4.746239849920306786e-01 -4.749478149062359364e-03 8.801758434128922337e-01 4.509712696000000243e+00
8.584626871957219407e-01 7.148970682058114479e-02 5.078691135631380194e-01 5.332326899999999953e-02 -6.297098917968066423e-02 9.974373344307191358e-01 -3.396201415514583238e-02 3.626349999999999864e-04 -5.089955493070964510e-01 -2.825898520672750006e-03 8.607645119793903010e-01 4.528708935000000047e+00
8.366527337299859424e-01 7.341341454350623630e-02 5.427915564074341503e-01 6.933236099999999513e-02 -6.251003822559315914e-02 9.973001623126644954e-01 -3.853415851122253544e-02 -2.692640000000000159e-04 -5.441550314599474802e-01 -1.690211879158971808e-03 8.389829824976351436e-01 4.548521519000000346e+00
8.120353724010737073e-01 7.642063248641194073e-02 5.785831322289186618e-01 8.513307600000000197e-02 -6.359569674907093739e-02 9.970729388143901861e-01 -4.243986379614737847e-02 -1.145184000000000046e-03 -5.801328652338616498e-01 -2.332726819002553520e-03 8.145185185501542247e-01 4.566761493999999644e+00
7.848803468991510934e-01 8.044073737759012410e-02 6.144038808647108718e-01 1.043896680000000049e-01 -6.669515245019243255e-02 9.967446331823387462e-01 -4.529782402997614699e-02 -2.678840999999999948e-03 -6.160475612248731414e-01 -5.424388661837389186e-03 7.876902807046253230e-01 4.586316109000000196e+00
7.546981512281438764e-01 8.468431259511567666e-02 6.505837899403229541e-01 1.233723159999999958e-01 -7.005384018737796648e-02 9.963669444032952072e-01 -4.842903649095375851e-02 -3.382444000000000076e-03 -6.523213625260350090e-01 -9.026588543494935141e-03 7.578887521869179800e-01 4.606802939999999680e+00
7.216893500129207828e-01 8.591648978568899864e-02 6.868644981805606120e-01 1.458504200000000084e-01 -6.981773844428118547e-02 9.962420191665900537e-01 -5.125741551621153941e-02 -4.738375999999999873e-03 -6.886871317778876511e-01 -1.096339499339592238e-02 7.249757502798042097e-01 4.626855850000000103e+00
6.849993961425024924e-01 8.318621152740006408e-02 7.237788899215874538e-01 1.699097159999999884e-01 -6.595291424653591805e-02 9.964612622266629804e-01 -5.210725462000936892e-02 -6.636366000000000313e-03 -7.255522313292103176e-01 -1.204188911110137469e-02 6.880617359800209609e-01 4.646371840999999669e+00
6.459705620382730773e-01 8.158602055480496107e-02 7.589899566067975778e-01 1.969549660000000091e-01 -6.286628403983129942e-02 9.965805004481426144e-01 -5.362029893196081087e-02 -8.301853999999999137e-03 -7.607692576011341190e-01 -1.307774355768323918e-02 6.488906759327479623e-01 4.665608405999999597e+00
6.033735032364041517e-01 8.160936794954748441e-02 7.932719121808763374e-01 2.257416250000000013e-01 -6.125492162665693158e-02 9.965538380095519955e-01 -5.593105152724894835e-02 -9.876370000000000635e-03 -7.951026664329209348e-01 -1.484449430957585428e-02 6.062931558412580912e-01 4.684997081999999757e+00
5.573584612691151463e-01 8.091191798866326224e-02 8.263200391973561931e-01 2.573804860000000194e-01 -5.717834605595331632e-02 9.966179172509762596e-01 -5.902002843638685936e-02 -1.172755699999999957e-02 -8.283007801481476751e-01 -1.435230092083132625e-02 5.600998384790411011e-01 4.703274249999999768e+00
5.092636773241673298e-01 8.000242089636126763e-02 8.568839592436000574e-01 2.907173630000000064e-01 -5.417692684658505231e-02 9.966752081808493147e-01 -6.085548451142622217e-02 -1.384442999999999958e-02 -8.589035845516806988e-01 -1.543185174831986431e-02 5.119047669204612738e-01 4.719805716999999845e+00
4.601623814591992434e-01 7.835745815353192811e-02 8.843702230635741568e-01 3.263185020000000103e-01 -5.263852957041359470e-02 9.967533577584912763e-01 -6.092560218691141227e-02 -1.574450700000000133e-02 -8.862729646640830072e-01 -1.851627794376026551e-02 4.627930202116776748e-01 4.735946655000000227e+00
4.108356194879508871e-01 7.621806512039212833e-02 9.085179691724624140e-01 3.645489219999999975e-01 -5.183867738163210059e-02 9.968402067056303384e-01 -6.018599357325007948e-02 -1.759087999999999971e-02 -9.102345001631583221e-01 -2.236981994518283043e-02 4.134885075408328836e-01 4.750558853000000248e+00
3.606785601188909895e-01 7.633371174006821358e-02 9.295612624902932497e-01 4.056383370000000155e-01 -5.560562406446802053e-02 9.966323445572103923e-01 -6.026594689207882827e-02 -1.950612700000000158e-02 -9.310311438630637371e-01 -2.995219915769096672e-02 3.637085026812727495e-01 4.764713287000000186e+00
3.114584888714426736e-01 7.656801288185741128e-02 9.471699684392665963e-01 4.460413460000000052e-01 -5.296093105169075166e-02 9.965979144288183988e-01 -6.314852918530741710e-02 -2.133484899999999948e-02 -9.487827725523138023e-01 -3.049485791823404804e-02 3.144539936914321210e-01 4.775707721999999933e+00
2.646126581496816010e-01 7.312126045767358695e-02 9.615786095874018224e-01 4.884337189999999884e-01 -4.175962729729296163e-02 9.970547275659658037e-01 -6.432731741918677748e-02 -2.437356099999999845e-02 -9.634501931469788838e-01 -2.313334189948973788e-02 2.668868183661575744e-01 4.783260821999999912e+00
2.205837919713640738e-01 6.720049395793560587e-02 9.730502989729479246e-01 5.342882869999999729e-01 -2.838354872258939954e-02 9.976434982153413733e-01 -6.246458701191031498e-02 -2.705711099999999827e-02 -9.749549553089345011e-01 -1.383994510341645529e-02 2.219713743663539463e-01 4.790148258000000325e+00
1.779099120115061883e-01 6.609268005481730435e-02 9.818247403947556462e-01 5.806150439999999691e-01 -1.923443099930309194e-02 9.977848846862070742e-01 -6.368171288419778586e-02 -2.968706899999999996e-02 -9.838587804518444946e-01 -7.555232286561991417e-03 1.787870761350073279e-01 4.795952796999999990e+00
1.399410336977775782e-01 6.774491579347088899e-02 9.878396294296626357e-01 6.283632519999999833e-01 -1.596138568426637774e-02 9.976814419814700186e-01 -6.615870685565726494e-02 -3.188999000000000000e-02 -9.900311819607682251e-01 -6.508971494040689115e-03 1.406978750211039797e-01 4.800282477999999742e+00
1.070760906799729656e-01 6.843612524852345225e-02 9.918927399500727660e-01 6.785534020000000277e-01 -7.562704931742655207e-03 9.976554761432435692e-01 -6.801732437778815199e-02 -3.537632500000000013e-02 -9.942220658881040229e-01 -2.183629232949749199e-04 1.073426104528119041e-01 4.803960323000000088e+00
7.812916557851228017e-02 6.675755988564777144e-02 9.947056155889136830e-01 7.288255689999999509e-01 -5.552389622431180838e-05 9.977557996929841133e-01 -6.695790540414579828e-02 -3.847774100000000280e-02 -9.969432433208534894e-01 5.176135346737179010e-03 7.795753472096134118e-02 4.805618285999999628e+00
5.364098536586231480e-02 6.509614087110210390e-02 9.964362182963185655e-01 7.798922059999999767e-01 7.122726595976812403e-03 9.978225407980644279e-01 -6.557014443429433348e-02 -4.146769299999999991e-02 -9.985348824426806269e-01 1.061458991129119941e-02 5.306052229479851778e-02 4.806229114999999830e+00
3.339162395755192192e-02 6.436802578827678645e-02 9.973674130958948281e-01 8.339337709999999904e-01 1.174469965138568231e-02 9.978297344313000750e-01 -6.479107280219875697e-02 -4.376587600000000217e-02 -9.993733343848915096e-01 1.387725984770818433e-02 3.256317213575787850e-02 4.806579590000000124e+00
1.707763298688907971e-02 6.641311784452771927e-02 9.976460555877189051e-01 8.878797889999999748e-01 1.479387406516500386e-02 9.976655576190591734e-01 -6.666765655695228165e-02 -4.632539299999999943e-02 -9.997447152857119601e-01 1.589757587874892492e-02 1.605525893501147383e-02 4.807834624999999917e+00
3.740467581055995343e-03 6.591754708110274252e-02 9.978180625189573272e-01 9.444981810000000477e-01 1.473813763831686649e-02 9.977130314168286551e-01 -6.596585662292446528e-02 -5.004101999999999856e-02 -9.998843914179426084e-01 1.495272309155770349e-02 2.760411367550230644e-03 4.806955814000000160e+00
-7.946390722251991945e-03 6.675885033354399256e-02 9.977374959259738274e-01 1.000067115000000006e+00 1.619365375820543129e-02 9.976467481637090184e-01 -6.662380547774485184e-02 -5.296090199999999720e-02 -9.998372969900896079e-01 1.562759676087464161e-02 -9.008760571290186370e-03 4.806331157999999881e+00
-1.693030301128788453e-02 6.960652152447095731e-02 9.974308482301965650e-01 1.059143186000000014e+00 2.091590153347515357e-02 9.973801907323265326e-01 -6.924796168689781317e-02 -5.663461999999999663e-02 -9.996378793858244904e-01 1.968977643376015885e-02 -1.834183199684791266e-02 4.804118632999999861e+00
-2.333238161028209495e-02 7.160692846765935593e-02 9.971599910565103198e-01 1.117452383000000049e+00 2.502498716641364529e-02 9.971608225968110473e-01 -7.102143264798276012e-02 -5.984207200000000310e-02 -9.994145035898334140e-01 2.329681680999863905e-02 -2.505809930558111631e-02 4.801869392000000403e+00
-2.803430133920976897e-02 7.100238094600436201e-02 9.970821128916217413e-01 1.178290606000000018e+00 2.563094115201683051e-02 9.971972624558430587e-01 -7.028993246713390042e-02 -6.323307000000000233e-02 -9.992783059809134949e-01 2.358562381135741529e-02 -2.977558639800226281e-02 4.799965858000000196e+00
-3.144115997871001211e-02 6.863867014725048843e-02 9.971460206106277369e-01 1.239006518999999917e+00 2.327345817417005025e-02 9.974190330210747080e-01 -6.792362410766594749e-02 -6.591488400000000691e-02 -9.992346068885968879e-01 2.107143867231867779e-02 -3.295747060182852017e-02 4.797966480000000367e+00
-3.411305492291923785e-02 6.155774929035216086e-02 9.975203972782370476e-01 1.302983642000000053e+00 2.114296251303657975e-02 9.979223891967661242e-01 -6.085951261709383192e-02 -6.999749700000000574e-02 -9.991943127440218175e-01 1.901443246915409530e-02 -3.534369445711293967e-02 4.796125412000000310e+00
-3.529951037342348580e-02 5.639110444514916498e-02 9.977845398215252626e-01 1.367414117000000040e+00 2.247981184457325740e-02 9.981989573614881150e-01 -5.561923751608456590e-02 -7.266998299999999356e-02 -9.991239175531878569e-01 2.046667686495106872e-02 -3.650359586775697718e-02 4.794276237000000052e+00
-3.569625725564885832e-02 5.343283986049383177e-02 9.979332186285722051e-01 1.432163477000000018e+00 2.529343221365889377e-02 9.982980464666597609e-01 -5.254762323553580083e-02 -7.648921799999999771e-02 -9.990425513984836359e-01 2.336540274195164288e-02 -3.698700379748032230e-02 4.790855407999999649e+00
-3.561306548852587878e-02 5.537099990315497156e-02 9.978305276630070608e-01 1.497450351999999985e+00 2.861303966927495820e-02 9.981110670956933051e-01 -5.436535387524905893e-02 -8.043026200000000236e-02 -9.989559567505439386e-01 2.661484756336905677e-02 -3.713012741405774531e-02 4.788998603999999659e+00
-3.474658024941548740e-02 6.297156772098536082e-02 9.974102750722653177e-01 1.562912941000000000e+00 2.951252590243687995e-02 9.976423232454648682e-01 -6.195809619613508457e-02 -8.355724800000000063e-02 -9.989603025024711425e-01 2.728326461684690840e-02 -3.652310906834443927e-02 4.785974503000000269e+00
-3.181890546697509897e-02 7.107704352408272808e-02 9.969631944754827613e-01 1.628846645000000093e+00 3.021993055880078591e-02 9.970806446686354407e-01 -7.012092287042118177e-02 -8.673864600000000258e-02 -9.990366925453263436e-01 2.789698749065830721e-02 -3.387395809528459534e-02 4.783152580000000320e+00
-3.039822535929490380e-02 7.197054028017731142e-02 9.969434232827781850e-01 1.697610974000000050e+00 3.091554115060493255e-02 9.969948555138686830e-01 -7.103159433833147740e-02 -8.992479000000000444e-02 -9.990596464728070947e-01 2.866181101499706146e-02 -3.253188249963134826e-02 4.782109736999999861e+00
-2.812409234100706618e-02 6.745053330706911321e-02 9.973261557718147152e-01 1.765971302999999937e+00 3.019681084729543274e-02 9.973227944293594494e-01 -6.659877120687922314e-02 -9.405186000000000102e-02 -9.991482312673363175e-01 2.824303928768190711e-02 -3.008558936014527063e-02 4.780398845999999757e+00
-2.567268304400517967e-02 6.105512603927464033e-02 9.978041816557244870e-01 1.836844087000000014e+00 2.963029775582550970e-02 9.977410955157629546e-01 -6.028890257672826769e-02 -9.860153500000000404e-02 -9.992311838609836405e-01 2.801745711754366486e-02 -2.742377246921789968e-02 4.778726101000000170e+00
-2.256802516734867856e-02 5.938015646203240877e-02 9.979803010373451411e-01 1.906770110000000074e+00 2.819558493130203819e-02 9.978752707490990970e-01 -5.873630068189410192e-02 -1.029534490000000024e-01 -9.993476338244000612e-01 2.681307602563889544e-02 -2.419433246889979294e-02 4.777448653999999628e+00
-1.967950891631842572e-02 6.486970034043805511e-02 9.976996737027403750e-01 1.975190401000000096e+00 3.545328950160651915e-02 9.973106193120546692e-01 -6.414509233699294821e-02 -1.069011019999999978e-01 -9.991775523861252672e-01 3.410939145085770813e-02 -2.192642749114259715e-02 4.775636673000000165e+00
-1.629832045467735982e-02 6.984926241961685045e-02 9.974244058021600745e-01 2.043446063999999840e+00 3.711082332776115267e-02 9.969118232868158236e-01 -6.920696050898381135e-02 -1.116183550000000024e-01 -9.991782381248565104e-01 3.588728368645147104e-02 -1.884015199821409414e-02 4.774392127999999680e+00
-1.400470968758223481e-02 7.095232082148467123e-02 9.973813895780346828e-01 2.113580226999999923e+00 3.091901694941863801e-02 9.970329468732781475e-01 -7.049338437093440046e-02 -1.148591040000000035e-01 -9.994237752312319367e-01 2.985081270638787268e-02 -1.615693297999498679e-02 4.774229049999999752e+00
-1.055932785355829552e-02 6.778460608022865430e-02 9.976440987515685643e-01 2.183200597999999992e+00 2.663181854321792358e-02 9.973648725126585957e-01 -6.748375596311607938e-02 -1.186993120000000013e-01 -9.995895391791383977e-01 2.585649350465988802e-02 -1.233673000763568783e-02 4.774675846000000057e+00
-6.027279288240536444e-03 6.352486664736863020e-02 9.979620550009982161e-01 2.254264832000000052e+00 3.045133074310890295e-02 9.975290127864301359e-01 -6.331338804158115341e-02 -1.243414729999999940e-01 -9.995180780557975098e-01 3.000766513349667833e-02 -7.946802682877618373e-03 4.773685454999999855e+00
-2.230462328492459692e-03 6.462672589051454697e-02 9.979070153769205032e-01 2.323251246999999964e+00 3.490908142009492565e-02 9.973062931599140368e-01 -6.450979505498921629e-02 -1.288282570000000016e-01 -9.993880032661019985e-01 3.469213058178791803e-02 -4.480513752887826939e-03 4.772913456000000387e+00
1.058369268837037894e-04 6.910025264723852756e-02 9.976097152106292443e-01 2.393080472999999930e+00 3.479315817670733391e-02 9.970054483452690519e-01 -6.906208883272846322e-02 -1.331852530000000034e-01 -9.993945291738571823e-01 3.471730193918960705e-02 -2.298696027666635722e-03 4.773666382000000041e+00
