9.577945510279728403e-01 8.484757635717835034e-02 2.746461119466951928e-01 -9.662891999999999371e+00 -5.226980149600430475e-02 9.909238594873737149e-01 -1.238457611313998202e-01 4.258945999999999898e+00 -2.826613979175298663e-01 1.042630974264635441e-01 9.535364390742220309e-01 9.190955999999999904e+00
9.538677640886888964e-01 9.901394003102056973e-02 2.834299354549179029e-01 -9.692379000000000744e+00 -6.072438775828589708e-02 9.881677853569813541e-01 -1.408438025404743499e-01 4.661379000000000161e+00 -2.940218314408418188e-01 1.171352537121606724e-01 9.485939568508545694e-01 1.146828099999999928e+01
9.387235089849985670e-01 1.091763815279579164e-01 3.269230664779606554e-01 -1.104632199999999997e+01 -5.673787693029608975e-02 9.845151563274612272e-01 -1.658635592375768131e-01 5.456612999999999936e+00 -3.399690971255091565e-01 1.371511016287377538e-01 9.303819582954571121e-01 1.408113200000000020e+01
9.259998315343992425e-01 8.640087191314246851e-02 3.675040153942712440e-01 -1.222968599999999917e+01 -3.058572786059799917e-02 9.874284259650133455e-01 -1.550793888545269339e-01 4.992518999999999707e+00 -3.762829058693757389e-01 1.323631101512233177e-01 9.170011896511331972e-01 1.615156700000000001e+01
9.132575141719183609e-01 8.758801157114143310e-02 3.978555680615039059e-01 -1.276095300000000066e+01 -2.291048115594122164e-02 9.861105367387789089e-01 -1.645026418814016234e-01 5.075253000000000014e+00 -4.067380270662329655e-01 1.411182113044627817e-01 9.025795409693803117e-01 1.838585499999999939e+01
9.119937618988531725e-01 8.150395697826308405e-02 4.020254758774167159e-01 -1.252678700000000056e+01 -1.423798128096960547e-02 9.857611350788962890e-01 -1.675477975295669997e-01 4.976895999999999987e+00 -4.099568979132082736e-01 1.470785149668416558e-01 9.001684577280676391e-01 1.992383699999999891e+01
9.020977056573872277e-01 8.060685286885056755e-02 4.239366281866401298e-01 -1.287270000000000003e+01 -6.802838318700418774e-03 9.849337161335416369e-01 -1.727984265385007212e-01 4.980402999999999913e+00 -4.314782159489488622e-01 1.529970917826593280e-01 8.890548009361182169e-01 2.155130099999999871e+01
8.866776281508749191e-01 8.580678736761654379e-02 4.543566649432881355e-01 -1.322289100000000062e+01 -1.291321417912459635e-03 9.830861588378929650e-01 -1.831391186785410186e-01 5.043679000000000023e+00 -4.623863278966349744e-01 1.617986388787177876e-01 8.717913077286673085e-01 2.344688700000000026e+01
8.929555988665786037e-01 8.373555241696940821e-02 4.422879782610589783e-01 -1.235418899999999987e+01 -4.741587138850700267e-03 9.842412872070651630e-01 -1.767670950951678310e-01 4.647226999999999997e+00 -4.501197793968119698e-01 1.557480202712201167e-01 8.792808074656018880e-01 2.455014399999999952e+01
8.954808273708096955e-01 8.221590422210195426e-02 4.374410050558042440e-01 -1.180291599999999974e+01 -1.307214538441783119e-02 9.872263545799043749e-01 -1.587867873531090823e-01 3.969969999999999999e+00 -4.449080880657697024e-01 1.364722312993196240e-01 8.851170110543838954e-01 2.579922900000000041e+01
8.779801119261355646e-01 9.012671178481232448e-02 4.701362556589610553e-01 -1.206322699999999948e+01 -1.742862958382031952e-02 9.874835763610121386e-01 -1.567559545538704802e-01 3.659545000000000048e+00 -4.783797298517157848e-01 1.294347798704911234e-01 8.685617259739671914e-01 2.774832599999999871e+01
9.394630970033459594e-01 8.405729664532343715e-02 3.321798612943925866e-01 -8.458311999999999387e+00 -4.148715788622044792e-02 9.902152808103743542e-01 -1.332385581584971668e-01 3.056687000000000154e+00 -3.401292476389021768e-01 1.113915101356988957e-01 9.337580127475655356e-01 2.619734700000000061e+01
9.478880098521946795e-01 8.136913439181708840e-02 3.080379599120407486e-01 -7.382235999999999798e+00 -4.439981247438259948e-02 9.911392823021895060e-01 -1.251861802665947265e-01 2.728333999999999815e+00 -3.154948136351615195e-01 1.049856516188145683e-01 9.431018160959544483e-01 2.711604000000000170e+01
9.481375614592408851e-01 7.941057473448573378e-02 3.077809694741746038e-01 -6.899886000000000408e+00 -4.295511318751228658e-02 9.914181789043576831e-01 -1.234700481453494258e-01 2.500253999999999976e+00 -3.149444757432207642e-01 1.038458239810612360e-01 9.434119047587443685e-01 2.854581699999999955e+01
9.480431634172884481e-01 7.880631279471514428e-02 3.082267434234768899e-01 -6.431500999999999912e+00 -4.192054399490047212e-02 9.913310364715003375e-01 -1.245208581704782824e-01 2.299119000000000135e+00 -3.153677667246795879e-01 1.051301155332869941e-01 9.431282153127673595e-01 2.996091799999999949e+01
9.477693447963155826e-01 7.958473903305365860e-02 3.088681569495363988e-01 -5.991470999999999769e+00 -4.214485497363135852e-02 9.911273531454262153e-01 -1.260570547259973195e-01 2.091155000000000097e+00 -3.161598966719439963e-01 1.064558084840007551e-01 9.427142093850094939e-01 3.131740299999999877e+01
9.474542386696662710e-01 8.085584910584106555e-02 3.095041151459163586e-01 -5.547774999999999679e+00 -4.313096933772791325e-02 9.909831053985216354e-01 -1.268550523183470946e-01 1.886973999999999929e+00 -3.169703221294876139e-01 1.068401445154210927e-01 9.423985348084178426e-01 3.267416399999999754e+01
9.471899062713889927e-01 8.091773812254743348e-02 3.102959895240802735e-01 -5.120313000000000336e+00 -4.275727935114921607e-02 9.908680234772897499e-01 -1.278764056137682570e-01 1.692728000000000010e+00 -3.178098433341627893e-01 1.078558283420049113e-01 9.420000126181394817e-01 3.398026999999999731e+01
9.466237880010109906e-01 8.111398270115798004e-02 3.119678281505532391e-01 -4.697458000000000133e+00 -4.319430324403202015e-02 9.910125162707268398e-01 -1.266034942725705326e-01 1.497293999999999903e+00 -3.194333360153249757e-01 1.063706463509479505e-01 9.416196840747340646e-01 3.527808699999999931e+01
9.460686240294571281e-01 8.067317111547300801e-02 3.137610525370913561e-01 -4.270548999999999928e+00 -4.325530101678812245e-02 9.912826443149984623e-01 -1.244495802074532947e-01 1.299622000000000055e+00 -3.210656281213496999e-01 1.041660143330727234e-01 9.413109496319509439e-01 3.658021999999999707e+01
9.456029333060190778e-01 8.011011667991668750e-02 3.153053468125503467e-01 -3.852304999999999868e+00 -4.284625121197271902e-02 9.914318091744760419e-01 -1.233984056384276190e-01 1.114047999999999927e+00 -3.224892111065625344e-01 1.031762422389744388e-01 9.409332451121660279e-01 3.781311399999999878e+01
9.448735319971798274e-01 8.072906309759624033e-02 3.173276333737084509e-01 -3.441861999999999977e+00 -4.335552378840487608e-02 9.914429530359634146e-01 -1.231307006085870792e-01 9.393129999999999535e-01 -3.245524720106249261e-01 1.025850342238709412e-01 9.402882556243482570e-01 3.902702800000000138e+01
9.437996635387591038e-01 8.053348820438187283e-02 3.205566289780320544e-01 -3.034749999999999837e+00 -4.260148189875860580e-02 9.914118796314513871e-01 -1.236430291834608314e-01 7.492140000000000466e-01 -3.277610544957328953e-01 1.030380619153285909e-01 9.391250443644755252e-01 4.025447900000000345e+01
9.427236447728476465e-01 8.087858960642488326e-02 3.236213579624699355e-01 -2.614695999999999909e+00 -4.184425908841810787e-02 9.911706523661409918e-01 -1.258165166797259316e-01 5.746120000000000116e-01 -3.309398549095272646e-01 1.050685092278077354e-01 9.377843146486867232e-01 4.146419000000000210e+01
9.417196368963651754e-01 8.102923746124562898e-02 3.264940859498486891e-01 -2.203876000000000168e+00 -4.104541139072442890e-02 9.909821097482942598e-01 -1.275528610521377559e-01 3.894029999999999991e-01 -3.338853091819768415e-01 1.067179499206616089e-01 9.365531909492310625e-01 4.265335400000000021e+01
9.403033855883845549e-01 8.128910711908561570e-02 3.304869499916807674e-01 -1.799879000000000007e+00 -4.096274364764783404e-02 9.910291263479896751e-01 -1.272136956573369226e-01 2.117910000000000070e-01 -3.378632810529710873e-01 1.060818165084020520e-01 9.351978675779788475e-01 4.382733900000000204e+01
9.384920167040887717e-01 8.201978070254933861e-02 3.354183807667642236e-01 -1.386835999999999958e+00 -4.097956129497569433e-02 9.909707687077573546e-01 -1.276620974401870834e-01 3.057700000000000001e-02 -3.428606278632232440e-01 1.060645611892219592e-01 9.333792898500449242e-01 4.499028700000000214e+01
9.363201514853785046e-01 8.324121520784540096e-02 3.411384968207473167e-01 -9.662690000000000445e-01 -4.123021120361279601e-02 9.908377801173977595e-01 -1.286101208153266340e-01 -1.546849999999999892e-01 -3.487185736471508091e-01 1.063550355307570500e-01 9.311734332608228026e-01 4.613364599999999882e+01
9.337250551926571385e-01 8.455241301904350970e-02 3.478626320232261482e-01 -5.460909999999999931e-01 -4.172005097155897374e-02 9.907874868252580791e-01 -1.288394089454757419e-01 -3.344619999999999815e-01 -3.555516258609991431e-01 1.057877374894940076e-01 9.286506318010310235e-01 4.727056300000000277e+01
9.306578476708254888e-01 8.518180836072346274e-02 3.558370836395549075e-01 -1.319589999999999930e-01 -4.165639791822463300e-02 9.908666840370949913e-01 -1.282495964040833714e-01 -4.979540000000000077e-01 -3.635116436665889461e-01 1.045336022039264068e-01 9.257062227991589287e-01 4.839119699999999824e+01
9.267207890562508821e-01 8.717727710804215602e-02 3.654978816450070167e-01 2.847680000000000211e-01 -4.278756687312009616e-02 9.908700113491840655e-01 -1.278508691012549270e-01 -6.676840000000000552e-01 -3.733065807778349066e-01 1.028432932421729229e-01 9.219899423437689645e-01 4.947628900000000129e+01
9.216155182759325770e-01 8.947980430188433310e-02 3.776482504859259293e-01 7.000300000000000411e-01 -4.354068245172200424e-02 9.907542822521500092e-01 -1.284918720023385807e-01 -8.305029999999999912e-01 -3.856540489151157325e-01 1.019770406568240029e-01 9.169905330668653987e-01 5.053588500000000039e+01
9.156805118914105313e-01 9.099645145377111000e-02 3.914701086482926251e-01 1.127606000000000108e+00 -4.348023593868571846e-02 9.907438641401360435e-01 -1.285926310151088159e-01 -9.891659999999999897e-01 -3.995480812430473594e-01 1.007285535064074006e-01 9.111613958479068964e-01 5.158041399999999754e+01
9.088567291883191679e-01 9.264252892348857904e-02 4.066900633698478096e-01 1.565399999999999903e+00 -4.375996338339203928e-02 9.908196653182730351e-01 -1.279119088406916460e-01 -1.142989000000000033e+00 -4.148065951908123106e-01 9.845685681173153847e-02 9.045671539100674785e-01 5.260497699999999810e+01
9.014331984454758695e-01 9.248380083502512339e-02 4.229242666523955752e-01 2.021799999999999820e+00 -4.180115819228331919e-02 9.909443846480705531e-01 -1.276005082601181784e-01 -1.309263999999999983e+00 -4.308954071629713667e-01 9.734461011049448664e-02 8.971360961238227238e-01 5.358982600000000218e+01
8.932657907712237000e-01 9.214509650612710823e-02 4.399835317687890712e-01 2.506857000000000113e+00 -3.858417914107827029e-02 9.908699779431268118e-01 -1.291818405620414612e-01 -1.467308000000000057e+00 -4.478699455845074895e-01 9.841731555404283072e-02 8.886655973093964267e-01 5.457147100000000250e+01
8.843550545036020782e-01 9.129281669048019965e-02 4.578010039249034158e-01 3.007226000000000177e+00 -3.467171446220968650e-02 9.908274019448908287e-01 -1.306098456142906206e-01 -1.623925999999999981e+00 -4.655255200203121113e-01 9.963273144833585671e-02 8.794084995233795166e-01 5.552303299999999808e+01
8.747892925376707929e-01 8.857826473227480013e-02 4.763376792554421812e-01 3.528074999999999850e+00 -2.886483902110731012e-02 9.909276856155249114e-01 -1.312598299135912805e-01 -1.786837000000000009e+00 -4.836429620388649764e-01 1.010752833173293452e-01 8.694097264078626264e-01 5.646849399999999974e+01
8.646984627422402703e-01 8.304122488887713538e-02 4.953793733091451656e-01 4.062548999999999744e+00 -2.093987469517764877e-02 9.913414374339810653e-01 -1.296289939561301174e-01 -1.946374999999999966e+00 -5.018546504506625761e-01 1.017168097970197471e-01 8.589502898455534385e-01 5.739200400000000002e+01
8.532893252171248610e-01 7.752391492973043086e-02 5.156426767486100848e-01 4.624843000000000259e+00 -1.241206498360766797e-02 9.916259112897258809e-01 -1.285456833256695686e-01 -2.103839999999999932e+00 -5.212900038494373556e-01 1.032864689724096452e-01 8.471060365821182492e-01 5.829541199999999890e+01
8.408995664755793964e-01 7.284967366457867355e-02 5.362656469961011307e-01 5.198800000000000310e+00 -3.548828488484298549e-03 9.916196295067567501e-01 -1.291430067531409986e-01 -2.264393000000000100e+00 -5.411795680895037375e-01 1.066931835866138795e-01 8.341110475581841044e-01 5.917699799999999755e+01
8.123273902725601792e-01 6.408149255590911419e-02 5.796704005939744553e-01 6.410777999999999643e+00 1.477835592746951435e-02 9.913640386822343276e-01 -1.303032731888589257e-01 -2.579603000000000090e+00 -5.830144176682535706e-01 1.144154933540748181e-01 8.043651432474501206e-01 6.086988600000000105e+01
7.957190214996940902e-01 6.041226476647587607e-02 6.026454986883703624e-01 7.034169000000000338e+00 2.118953207310746503e-02 9.916271161244947230e-01 -1.273839326490613100e-01 -2.747363000000000000e+00 -6.052951697759466620e-01 1.141315943654650500e-01 7.877764509132680892e-01 6.168881100000000117e+01
7.782996451952027828e-01 5.612650190456257987e-02 6.253794672620606176e-01 7.695812000000000097e+00 2.836132647256906641e-02 9.918378050904175236e-01 -1.243117192952436501e-01 -2.893540999999999919e+00 -6.272521801076006431e-01 1.144883582613543949e-01 7.703551897487819211e-01 6.247434599999999705e+01
7.593657374722662112e-01 5.405970455640813493e-02 6.484143930361780939e-01 8.374627000000000265e+00 3.573538195028672787e-02 9.915734049777628067e-01 -1.245197374622700609e-01 -3.033722000000000030e+00 -6.496819677581242569e-01 1.177273582651008482e-01 7.510350257383819894e-01 6.323234599999999972e+01
7.389610157528060386e-01 5.620789649641567964e-02 6.713995007214628163e-01 9.016142000000000323e+00 4.114524977270757333e-02 9.908892321323912178e-01 -1.282403917072212629e-01 -3.160658999999999885e+00 -6.724906583877003907e-01 1.223895502709616834e-01 7.299158255345262747e-01 6.392911999999999750e+01
7.176284972770915482e-01 5.787300124810325352e-02 6.940173309236308263e-01 9.694679000000000713e+00 4.884738930341891994e-02 9.899040857548987438e-01 -1.330557535922380630e-01 -3.297241000000000088e+00 -6.947109272597227214e-01 1.293855352514150792e-01 7.075564364866178124e-01 6.461776700000000062e+01
6.954614387965759592e-01 5.743233002461547304e-02 7.162645563023066764e-01 1.038968799999999959e+01 5.685594742218088443e-02 9.892773246209746185e-01 -1.345279756537390015e-01 -3.434760999999999953e+00 -7.163105390748643053e-01 1.342829194600357601e-01 6.847388620135175241e-01 6.528149600000000419e+01
6.713084556159732985e-01 5.624213762935936778e-02 7.390411215713080795e-01 1.110511900000000018e+01 6.062000453384090715e-02 9.896098080353790127e-01 -1.303750086883885551e-01 -3.574478000000000044e+00 -7.386949116305147056e-01 1.323225218738688092e-01 6.609240332565654574e-01 6.591518999999999551e+01
6.445811984679354900e-01 5.495963805320502882e-02 7.625578776504120526e-01 1.184745299999999979e+01 6.169381586026795317e-02 9.904210527438861433e-01 -1.235314185391381131e-01 -3.711063999999999918e+00 -7.620426180117745307e-01 1.266711350969630390e-01 6.350161193757271061e-01 6.652980100000000618e+01
6.159884377266402478e-01 5.328187570608617502e-02 7.859511984266797091e-01 1.259385299999999930e+01 6.521035577808897976e-02 9.908367191629956494e-01 -1.182801989244433860e-01 -3.843786000000000147e+00 -7.850514977288992613e-01 1.241113922230833166e-01 6.068694326080856793e-01 6.710050499999999829e+01
5.857030679108791160e-01 5.978410391776885213e-02 8.083178688848423610e-01 1.334243599999999930e+01 6.629290263528521410e-02 9.904013256528911846e-01 -1.212867066301354657e-01 -3.969972999999999974e+00 -8.078101059654877458e-01 1.246237339504212005e-01 5.761178331177415624e-01 6.764506599999999992e+01
5.246013435342528064e-01 7.027642814670237437e-02 8.484424871545496183e-01 1.491059199999999940e+01 7.164764282819610641e-02 9.894072873394538226e-01 -1.262530595143998013e-01 -4.225411000000000250e+00 -8.483277937443874928e-01 1.270214289264796625e-01 5.140092518177616920e-01 6.865332700000000443e+01
4.940851206258324302e-01 6.735068161717473745e-02 8.668008878986329657e-01 1.571906899999999929e+01 7.744184509973610353e-02 9.896226075558445245e-01 -1.210365863775063472e-01 -4.350426999999999822e+00 -8.659576515071075731e-01 1.269290364734288745e-01 4.837420443751213606e-01 6.909614000000000544e+01
4.306219866168833343e-01 7.014669940449007324e-02 8.998022811733613624e-01 1.738324100000000172e+01 8.699768781968832132e-02 9.891063571818345945e-01 -1.187434903331929109e-01 -4.591006000000000142e+00 -8.983296204379308536e-01 1.294142756620657309e-01 4.198283438486568597e-01 6.989537199999999473e+01
3.981714262294219764e-01 7.281883254194604360e-02 9.144161705490864156e-01 1.822146199999999894e+01 9.178534127559162537e-02 9.886788560145378657e-01 -1.186994978789205624e-01 -4.708968999999999738e+00 -9.127074922785235467e-01 1.311927486449335489e-01 3.869799687860292492e-01 7.024818799999999896e+01
3.318206628674651437e-01 7.599354211059725084e-02 9.402765706172204752e-01 1.994138500000000036e+01 9.865983769666325509e-02 9.884880350346648692e-01 -1.147067609994071036e-01 -4.954428000000000054e+00 -9.381691127509281802e-01 1.308296073172732776e-01 3.205032444911345424e-01 7.085845199999999977e+01
2.978863909289967693e-01 8.333204815799588605e-02 9.509571324981429541e-01 2.082369299999999868e+01 1.012473861708640122e-01 9.878054411840256899e-01 -1.182766974547408145e-01 -5.064252999999999894e+00 -9.492168692626912208e-01 1.315149425617705703e-01 2.858166457540731731e-01 7.112291500000000610e+01
2.628070762127349136e-01 9.303703157720431827e-02 9.603523059001921602e-01 2.170544900000000155e+01 1.042013118992479032e-01 9.867816791155679113e-01 -1.241128694388139025e-01 -5.189911000000000385e+00 -9.592051539118153780e-01 1.326877104978554378e-01 2.496386272030991504e-01 7.135786899999999378e+01
1.915410602631796022e-01 1.062894740474093491e-01 9.757123397497760031e-01 2.351279999999999859e+01 1.089685594574503202e-01 9.856699470840462052e-01 -1.287657115271830521e-01 -5.409479000000000148e+00 -9.754167700439773103e-01 1.309858890188508040e-01 1.772140558615941108e-01 7.172549700000000428e+01
1.554047523259581287e-01 1.047798337549703529e-01 9.822782443853614875e-01 2.443889000000000067e+01 1.109388593673655277e-01 9.862173401339335843e-01 -1.227514867584796054e-01 -5.524729999999999919e+00 -9.816017178248901409e-01 1.280489924108349775e-01 1.416387062416005760e-01 7.185602299999999332e+01
1.182102225506541926e-01 1.010462623741709975e-01 9.878339921994662154e-01 2.537083399999999855e+01 1.092459110403083133e-01 9.874467866269097671e-01 -1.140796848749294212e-01 -5.656444999999999723e+00 -9.869608270876296663e-01 1.214022093719894224e-01 1.056874134138110488e-01 7.196322100000000432e+01
4.199735214523060700e-02 1.011519267733961419e-01 9.939841598953271795e-01 2.725497999999999976e+01 1.049714307230437266e-01 9.889090723326185994e-01 -1.050706685531071077e-01 -5.878274000000000221e+00 -9.935880540469208544e-01 1.087526292476147932e-01 3.091350007657034382e-02 7.207982800000000623e+01
3.671930374790180560e-03 1.012747240682163596e-01 9.948517212088591188e-01 2.821153100000000080e+01 1.028870851354538318e-01 9.895404232687271540e-01 -1.011137895120054198e-01 -5.979987999999999637e+00 -9.946862644269561793e-01 1.027286765321879514e-01 -6.786337619993032533e-03 7.207930500000000507e+01
-3.428725623739183742e-02 9.915800480180361753e-02 9.944808063222925210e-01 2.915990499999999841e+01 1.027667141364169701e-01 9.901410808567560062e-01 -9.518215413310916750e-02 -6.086672000000000082e+00 -9.941143729598298506e-01 9.893598982948766107e-02 -4.413936328430811962e-02 7.203978200000000243e+01
-1.091402970943024658e-01 9.713313026533118566e-02 9.892692002458308709e-01 3.108514600000000172e+01 1.078900969298745571e-01 9.904923252637392039e-01 -8.535034023419735272e-02 -6.296136999999999873e+00 -9.881538961794512632e-01 9.741718841400207052e-02 -1.185823294883396883e-01 7.187050899999999842e+01
-1.447564290297183864e-01 9.605283370506459417e-02 9.847941050756707781e-01 3.205492199999999769e+01 1.127129685750378751e-01 9.903992712169095158e-01 -8.003168302626828545e-02 -6.392477000000000409e+00 -9.830266339065114600e-01 9.941396637415569892e-02 -1.541930618419375953e-01 7.172295800000000554e+01
-2.107656873840693668e-01 1.010062951711786783e-01 9.723042493773813577e-01 3.395918700000000001e+01 1.268932617792782047e-01 9.890586466718768177e-01 -7.524023895902522130e-02 -6.573970000000000091e+00 -9.692656628275529984e-01 1.075207969622080789e-01 -2.212766437834668976e-01 7.128760900000000333e+01
-2.427485978829437840e-01 1.062407432703591920e-01 9.642541276526779281e-01 3.490001600000000082e+01 1.295743400990502225e-01 9.886292684287154575e-01 -7.630635618346967575e-02 -6.649437999999999960e+00 -9.613966967978206934e-01 1.064193313052873291e-01 -2.537544429380005351e-01 7.104262500000000102e+01
-2.946929225215284553e-01 1.110121235943492546e-01 9.491219046206832433e-01 3.679469799999999680e+01 1.412874440769970041e-01 9.873746654024553315e-01 -7.161793258380778904e-02 -6.802853999999999957e+00 -9.450893817845537059e-01 1.129937101632755431e-01 -3.066569449753711041e-01 7.045529100000000255e+01
-3.157824815835073018e-01 1.084361485561692595e-01 9.426149935213561371e-01 3.773308000000000106e+01 1.431484051858557260e-01 9.875216873698746678e-01 -6.564640939839426481e-02 -6.871318999999999733e+00 -9.379711927440563812e-01 1.142038469599860190e-01 -3.273645107855036596e-01 7.012174400000000674e+01
-3.332070122946617641e-01 1.062548215268648705e-01 9.368473727667485651e-01 3.866606600000000071e+01 1.442545577616399233e-01 9.876763454641529494e-01 -6.071292428774020811e-02 -6.934974999999999667e+00 -9.317530303265231240e-01 1.149145313390316364e-01 -3.444284264756204417e-01 6.977427900000000704e+01
-3.489757457767450610e-01 1.094062206332089282e-01 9.307234861903520562e-01 3.958733300000000099e+01 1.462055039972636750e-01 9.873566637058507345e-01 -6.124352403771146647e-02 -7.002955000000000041e+00 -9.256564586608094780e-01 1.147043919054943351e-01 -3.605593196925022115e-01 6.942377799999999866e+01
-3.622427702933789795e-01 1.138866110450751368e-01 9.251000028077215331e-01 4.048880900000000338e+01 1.492535468740498472e-01 9.867875499171633313e-01 -6.303737045592777699e-02 -7.075427999999999606e+00 -9.200562776894108952e-01 1.152396249262806205e-01 -3.744546364129519578e-01 6.904924099999999498e+01
-3.727621328841592141e-01 1.195155036899231832e-01 9.201980420895253809e-01 4.138220499999999902e+01 1.537891565465861476e-01 9.859135480816239028e-01 -6.575234625314135828e-02 -7.149245999999999768e+00 -9.150941413954859494e-01 1.170064959173093833e-01 -3.858914255290089024e-01 6.865937999999999874e+01
-3.800254404591641433e-01 1.242091423119732474e-01 9.165984691073528756e-01 4.229165900000000278e+01 1.595742273929002530e-01 9.848890057564253508e-01 -6.730313731230423702e-02 -7.223681000000000019e+00 -9.111074198774685717e-01 1.206885881359289620e-01 -3.941034561355417631e-01 6.824792899999999918e+01
-3.883138048010352228e-01 1.351352104932041220e-01 9.115650628923318566e-01 4.409116199999999708e+01 1.655306372642293133e-01 9.833287953662812608e-01 -7.526013772506928712e-02 -7.372700000000000031e+00 -9.065384697451298601e-01 1.216673953385034035e-01 -4.042091634088750274e-01 6.743711299999999653e+01
-3.907611619768326383e-01 1.394562159054577311e-01 9.098668463769001846e-01 4.502418300000000073e+01 1.680793568412672634e-01 9.826487811406744433e-01 -7.842641599979513489e-02 -7.458188999999999957e+00 -9.050165987949287949e-01 1.222838369044630946e-01 -4.074206906105544146e-01 6.702083199999999863e+01
-3.933144849451138958e-01 1.421880928720926640e-01 9.083425907540376709e-01 4.593887300000000096e+01 1.683730918206055027e-01 9.824000060424040726e-01 -8.087478023867772370e-02 -7.541714999999999947e+00 -9.038551974089268359e-01 1.211312279029714556e-01 -4.103328012035946104e-01 6.660710500000000422e+01
-3.954545140000331194e-01 1.458693619521739260e-01 9.068284604050887987e-01 4.686211699999999780e+01 1.694066116740809980e-01 9.819533061527744300e-01 -8.407796653548775534e-02 -7.625733999999999568e+00 -9.027276041409751928e-01 1.203737254524472472e-01 -4.130291018107491441e-01 6.618752499999999372e+01
-3.970678155224832695e-01 1.494102268429376157e-01 9.055460971098847622e-01 4.777874700000000274e+01 1.702389552726415178e-01 9.815281225373897467e-01 -8.729972952939976660e-02 -7.714204999999999757e+00 -9.018624329596407474e-01 1.194953086232623807e-01 -4.151686684145957651e-01 6.576122999999999763e+01
-3.987246848705859326e-01 1.516741955555908905e-01 9.044410229956491021e-01 4.869973699999999894e+01 1.730569404824389979e-01 9.809535156934990896e-01 -8.821278478441565984e-02 -7.804676999999999865e+00 -9.005942044149014558e-01 1.213471814717113073e-01 -4.173786536505694755e-01 6.532622399999999629e+01
-4.025415117326358039e-01 1.501643748166608117e-01 9.030011029162288150e-01 5.053928799999999910e+01 1.728093649288950651e-01 9.811822009353028395e-01 -8.613020353294752185e-02 -7.983624999999999972e+00 -8.989422977727081765e-01 1.213760647890530092e-01 -4.209163766966633746e-01 6.445606200000000285e+01
-4.050173732721624731e-01 1.512069783230060305e-01 9.017191231498551396e-01 5.146560699999999855e+01 1.731225788119497844e-01 9.810720680858366904e-01 -8.675350095114098270e-02 -8.086639999999999162e+00 -8.977691797189397693e-01 1.209712648863578710e-01 -4.235285740284551181e-01 6.403754600000000607e+01
-4.075942770816148308e-01 1.525864216612435320e-01 9.003245466024650812e-01 5.240253100000000330e+01 1.720321911523075564e-01 9.811171836473071561e-01 -8.839681645462202364e-02 -8.188247000000000497e+00 -8.968120374402058781e-01 1.188547680010920427e-01 -4.261475256595477212e-01 6.359640300000000224e+01
-4.103236797807003344e-01 1.540541781932240339e-01 8.988335707974171029e-01 5.334940199999999777e+01 1.713732708530839033e-01 9.810940792672000477e-01 -8.992001814924480141e-02 -8.299134999999999707e+00 -8.956928490550433164e-01 1.171397362471648662e-01 -4.289669012215322486e-01 6.316716399999999965e+01
-4.128930187642411154e-01 1.565210837334010119e-01 8.972293493876992709e-01 5.428167700000000195e+01 1.694211583731886073e-01 9.811278044805165077e-01 -9.319175055083053771e-02 -8.401897999999999200e+00 -8.948831354714643638e-01 1.135314124908297917e-01 -4.316188043014322906e-01 6.273008899999999954e+01
-4.154820449805650684e-01 1.592161160941637510e-01 8.955584283979785010e-01 5.521672600000000131e+01 1.661860169894246453e-01 9.812767523404634096e-01 -9.735575521428356527e-02 -8.505269999999999442e+00 -8.942912713741302255e-01 1.083797199297110297e-01 -4.341623639285181468e-01 6.228995799999999861e+01
-4.180342646621138525e-01 1.606254564394155870e-01 8.941178984407118779e-01 5.615164699999999698e+01 1.645867252086189725e-01 9.813468924132191518e-01 -9.934528995387847949e-02 -8.613502000000000436e+00 -8.933972036297788133e-01 1.056302016212552486e-01 -4.366734444089137579e-01 6.184557099999999963e+01
-4.207218508637912691e-01 1.586118992263756688e-01 8.932163173775701237e-01 5.709291300000000291e+01 1.633511196475378180e-01 9.817491031087676179e-01 -9.739153071507954118e-02 -8.723941999999999197e+00 -8.923617741228283551e-01 1.049331404701705356e-01 -4.389527310718386310e-01 6.139394399999999763e+01
-4.232130657906656990e-01 1.538711068212997857e-01 8.928686260753335713e-01 5.803783899999999818e+01 1.607400231357015152e-01 9.825919127282867205e-01 -9.314385649789855282e-02 -8.832449999999999690e+00 -8.916576394033755015e-01 1.041000265444496919e-01 -4.405789810772241522e-01 6.092644800000000060e+01
-4.252681556334879653e-01 1.524454257373331900e-01 8.921364178060741112e-01 5.899065199999999720e+01 1.608824365729847605e-01 9.827473647276786517e-01 -9.123847172734945998e-02 -8.935472000000000747e+00 -8.906536012426101712e-01 1.047282640578275220e-01 -4.424569507884388297e-01 6.045391099999999796e+01
-4.268786237404745831e-01 1.529044467439692745e-01 8.912883207802957397e-01 5.995163900000000012e+01 1.609283203555590125e-01 9.827143195985580393e-01 -9.151306881250195757e-02 -9.035477999999999454e+00 -8.898745508783680869e-01 1.043685595467515048e-01 -4.441063920696923795e-01 5.998207299999999975e+01
-4.280981543999378136e-01 1.557397228445056014e-01 8.902118337382866065e-01 6.089877299999999849e+01 1.625511715012616376e-01 9.822438428164629309e-01 -9.367043232907068528e-02 -9.140430999999999528e+00 -8.889932996614392513e-01 1.046048372565254181e-01 -4.458124506780866136e-01 5.951700300000000254e+01
-4.288953343652318617e-01 1.584409799441693356e-01 8.893510263299119201e-01 6.186763899999999694e+01 1.629863959890193170e-01 9.819144178206830054e-01 -9.633021747291781178e-02 -9.248903999999999570e+00 -8.885292493116064838e-01 1.036365377181251990e-01 -4.469622368473125107e-01 5.904474600000000351e+01
-4.293170829324764459e-01 1.586739177909307630e-01 8.891059723763116152e-01 6.282678099999999688e+01 1.619290055519002625e-01 9.820169399454001802e-01 -9.706558000261904240e-02 -9.361796999999999258e+00 -8.885189021418297139e-01 1.023001342772781180e-01 -4.472905577625455598e-01 5.856805800000000062e+01
-4.292564610269158365e-01 1.566970087041162918e-01 8.894857717410830089e-01 6.377007600000000309e+01 1.590807325368218672e-01 9.825555382339432597e-01 -9.632203704944232447e-02 -9.465984000000000620e+00 -8.890625462824289782e-01 1.001531914069047208e-01 -4.466957880356785537e-01 5.809376100000000065e+01
-4.293373573198815962e-01 1.546353033389014087e-01 8.898074828696748151e-01 6.473013400000000672e+01 1.554772755303963083e-01 9.831789776287883642e-01 -9.584317786079354917e-02 -9.590749000000000635e+00 -8.896607501757206604e-01 9.719578648324436743e-02 -4.461577396915558102e-01 5.761086900000000099e+01
-4.299554528742740578e-01 1.542870317626644783e-01 8.895694578691110133e-01 6.570414800000000355e+01 1.516204655018963121e-01 9.836362086107316438e-01 -9.731928663370627286e-02 -9.705154000000000281e+00 -8.900278327022507208e-01 9.303397734038769407e-02 -4.463128231135220503e-01 5.714353799999999950e+01
-4.311533715515718512e-01 1.516218530594377889e-01 8.894479095902888544e-01 6.763120899999999835e+01 1.448903315240898382e-01 9.846211626511511827e-01 -9.761125903467660070e-02 -9.933111000000000246e+00 -8.905692348327286512e-01 8.678697905975099602e-02 -4.464912745341511613e-01 5.620378099999999932e+01
-4.312361866145396072e-01 1.472534847710218475e-01 8.901414284128900123e-01 6.861498699999999928e+01 1.456622506914749260e-01 9.850118657162046931e-01 -9.238037195083934061e-02 -1.004105999999999987e+01 -8.904032008464725090e-01 8.982224457823323460e-02 -4.462220347554389788e-01 5.571387000000000000e+01
-4.313218239719137648e-01 1.407678425400125943e-01 8.911486400551662523e-01 6.959608099999999808e+01 1.487869124696817591e-01 9.853265378753716108e-01 -8.363054726756910529e-02 -1.014249799999999979e+01 -8.898448959471989550e-01 9.651957451814671685e-02 -4.459372521908830933e-01 5.522455300000000022e+01
-4.291837415224157848e-01 1.427239077127985811e-01 8.918694984020976158e-01 7.152789799999999332e+01 1.621838226530197269e-01 9.835647827263286347e-01 -7.935191144618919390e-02 -1.032820000000000071e+01 -8.885368443021788298e-01 1.105902543070525490e-01 -4.452775224170061330e-01 5.423168799999999834e+01
-4.272172899278480207e-01 1.497988332286069035e-01 8.916533501030839970e-01 7.251466299999999876e+01 1.678123905065424804e-01 9.821818485963238476e-01 -8.460388809261515375e-02 -1.041704099999999933e+01 -8.884392994342295014e-01 1.134862363956795905e-01 -4.447431678728287485e-01 5.372167100000000062e+01
-4.253386970525623867e-01 1.602417120257172423e-01 8.907354189189380378e-01 7.447234299999999507e+01 1.727015049760167731e-01 9.804861877533022074e-01 -9.392031624741734031e-02 -1.062170899999999918e+01 -8.884037274621532365e-01 1.138834024433022507e-01 -4.447127024037985654e-01 5.274154000000000053e+01
-4.256535410708021105e-01 1.566312217624277470e-01 8.912270885375374041e-01 7.547938100000000361e+01 1.694085360960883302e-01 9.812846813079161290e-01 -9.154846873761302017e-02 -1.073119600000000062e+01 -8.888868380573912154e-01 1.120135465005485109e-01 -4.442219653829627690e-01 5.225383800000000178e+01
-4.255689725846969473e-01 1.522391140567715684e-01 8.920281955882419789e-01 7.649564499999999612e+01 1.684737934689325700e-01 9.818422304202732986e-01 -8.719183148397796623e-02 -1.083728200000000008e+01 -8.891049603322395134e-01 1.131772358495835296e-01 -4.434898902997167491e-01 5.175284299999999860e+01
-4.255738414547771131e-01 1.494436450099009828e-01 8.924984607468958719e-01 7.752085800000000404e+01 1.659844899332902912e-01 9.824274703375214246e-01 -8.535464034136525102e-02 -1.094214099999999945e+01 -8.895707136428273598e-01 1.118161995972545009e-01 -4.429007596929782631e-01 5.124835900000000066e+01
-4.252339877343992436e-01 1.543840788233277472e-01 8.918192708623052800e-01 7.956789999999999452e+01 1.643682431766654573e-01 9.821325258366820909e-01 -9.164487071667286322e-02 -1.115015499999999982e+01 -8.900332220263004190e-01 1.076162529524776063e-01 -4.430119702558283912e-01 5.023685499999999848e+01
-4.249803558710417706e-01 1.562623772985950732e-01 8.916130139049753822e-01 8.058862499999999329e+01 1.629168867558021538e-01 9.821067565039468539e-01 -9.446907874587506804e-02 -1.125778799999999968e+01 -8.904211279689624448e-01 1.051113137121248708e-01 -4.428338589089495514e-01 4.973230399999999918e+01
-4.245803106766525281e-01 1.553216155066098891e-01 8.919679117222401032e-01 8.161760700000000668e+01 1.629949914442299086e-01 9.821916392083367420e-01 -9.344633022936633948e-02 -1.136639100000000013e+01 -8.905976603100933531e-01 1.057108302193167232e-01 -4.423358767096901012e-01 4.921786300000000125e+01
-4.244239959206809742e-01 1.483491105393355547e-01 8.932283096100959163e-01 8.369816699999999798e+01 1.645052211455444169e-01 9.827032356907143829e-01 -8.504341702245865608e-02 -1.157910599999999945e+01 -8.903944653368960349e-01 1.108462537264488790e-01 -4.414870373320539665e-01 4.820362000000000080e+01
-4.244287696580731906e-01 1.535316894587691883e-01 8.923498416083631701e-01 8.577308600000000638e+01 1.628999045674599799e-01 9.823866664479222743e-01 -9.154266042262024228e-02 -1.178162400000000076e+01 -8.906872855152067059e-01 1.065103653043908971e-01 -4.419634617299019741e-01 4.722839799999999855e+01
-4.242463414592330673e-01 1.525981576975420362e-01 8.925966860938776559e-01 8.682293699999999603e+01 1.626072678457741172e-01 9.825147606287290003e-01 -9.068418599956702686e-02 -1.189581000000000088e+01 -8.908276590913581927e-01 1.066702742753926209e-01 -4.416418621279283308e-01 4.671097699999999975e+01
-4.239056917852890294e-01 1.499689024650442404e-01 8.932039480238910256e-01 8.789530399999999588e+01 1.631231338382905238e-01 9.827107926652991488e-01 -8.758048404704472933e-02 -1.199000299999999974e+01 -8.908955088442253034e-01 1.085763614815377226e-01 -4.410400957380402609e-01 4.619574300000000022e+01
-4.214004498410759969e-01 1.502754748228158632e-01 8.943371526110920344e-01 9.002185099999999807e+01 1.670945223469291474e-01 9.821567644199941105e-01 -8.629896120869504084e-02 -1.222100700000000018e+01 -8.913479014814530421e-01 1.130724182585014226e-01 -4.389915110270176113e-01 4.515302199999999999e+01
-4.199494171305290791e-01 1.517738390190858100e-01 8.947665554998895932e-01 9.109011700000000644e+01 1.693860754344321817e-01 9.817004749318996026e-01 -8.702031353312708606e-02 -1.231167800000000057e+01 -8.916001595449887240e-01 1.150168653193587576e-01 -4.379729171894749529e-01 4.462193500000000057e+01
-4.172364000367322356e-01 1.517551896570072667e-01 8.960380287111447961e-01 9.321596700000000624e+01 1.693838795183498502e-01 9.816684706208894662e-01 -8.738486795868696810e-02 -1.253390500000000074e+01 -8.928733884732492632e-01 1.153142497743004924e-01 -4.352927014725713750e-01 4.357171100000000052e+01
-4.160934537653864784e-01 1.501656255313181254e-01 8.968369543246866860e-01 9.430191399999999646e+01 1.688497806902035658e-01 9.818770032877827125e-01 -8.606568407602295523e-02 -1.263852499999999957e+01 -8.935076884361222715e-01 1.156193553147204650e-01 -4.339080264089915095e-01 4.303840199999999783e+01
-4.136647370390856837e-01 1.487285610260834501e-01 8.981989203208240458e-01 9.650375699999999313e+01 1.681621175388906542e-01 9.820731018068197260e-01 -8.516997670757051053e-02 -1.286073099999999947e+01 -8.947642077973503305e-01 1.158112163939328809e-01 -4.312595211727356936e-01 4.197840699999999714e+01
-4.105952245376431886e-01 1.524793655277696391e-01 8.989780890962423276e-01 9.870803899999999942e+01 1.685174361812113997e-01 9.816243443993905027e-01 -8.952943753524891801e-02 -1.307669899999999963e+01 -8.961101691699485672e-01 1.147331232500689302e-01 -4.287456998495621230e-01 4.092888200000000154e+01
-4.098145151744184145e-01 1.505708901039588266e-01 8.996557509434696120e-01 9.983195800000000020e+01 1.667197955937141096e-01 9.820324047000976719e-01 -8.841304132385496839e-02 -1.320030500000000018e+01 -8.968035308302185760e-01 1.137574752367731812e-01 -4.275542818382344068e-01 4.040353700000000003e+01
-4.097023209094587948e-01 1.480264530540605916e-01 9.001289782234742631e-01 1.009208050000000014e+02 1.629940857209589145e-01 9.827460901227059731e-01 -8.742454099692466285e-02 -1.331181699999999957e+01 -8.975393786689196407e-01 1.108976624855919496e-01 -4.267607903660318724e-01 3.988236599999999754e+01
-4.099571657346241516e-01 1.491842476003337192e-01 8.998217504210244133e-01 1.020800360000000069e+02 1.621358527047035980e-01 9.827409471248572670e-01 -8.906287729383821627e-02 -1.341659800000000047e+01 -8.975784575905065843e-01 1.093814020391992436e-01 -4.270698085294563073e-01 3.936831999999999709e+01
-4.109136258318740187e-01 1.473365857159592562e-01 8.996899035863779037e-01 1.032074219999999940e+02 1.589505023841555897e-01 9.833178776720894465e-01 -8.843466086485737843e-02 -1.353444999999999965e+01 -8.977108275483407507e-01 1.066671550198166063e-01 -4.274779387786593610e-01 3.884902600000000206e+01
-4.139592704797769307e-01 1.413545545492398414e-01 8.992533637924506884e-01 1.054762640000000005e+02 1.538301715361009570e-01 9.845250345154717975e-01 -8.394483151143260213e-02 -1.377789300000000061e+01 -8.972034332909262222e-01 1.035825579935880786e-01 -4.292978604308206325e-01 3.779638200000000126e+01
-4.156529263127010654e-01 1.397006308010707576e-01 8.987304259907255011e-01 1.066127809999999982e+02 1.517545324624934855e-01 9.849342990683113142e-01 -8.291554978352463912e-02 -1.389948399999999928e+01 -8.967737767825160189e-01 1.019223247016916856e-01 -4.305910275454246650e-01 3.726621500000000253e+01
-4.172625725235906691e-01 1.399187910972863047e-01 8.979502644739679740e-01 1.077447039999999987e+02 1.509589994727359163e-01 9.850208910883500035e-01 -8.333801412142904930e-02 -1.399985399999999913e+01 -8.961603238534864291e-01 1.007798393399539916e-01 -4.321343517164856207e-01 3.673080499999999660e+01
-4.217778583834150830e-01 1.334337607641825907e-01 8.968271124725359922e-01 1.100192909999999955e+02 1.471051532242121096e-01 9.860777272414003036e-01 -7.752928306978991435e-02 -1.419924400000000020e+01 -8.946862646047388790e-01 9.922775482072256070e-02 -4.355345458179611384e-01 3.560871600000000115e+01
-4.253420220368768212e-01 1.329240062975511061e-01 8.952180588210838508e-01 1.111278429999999986e+02 1.465178835025393311e-01 9.862205313933520845e-01 -7.682169792546052201e-02 -1.430568599999999968e+01 -8.930938775422867515e-01 9.848995891979543671e-02 -4.389567790665268587e-01 3.505087799999999731e+01
-4.365630688888826882e-01 1.388177948566232944e-01 8.888994919075300372e-01 1.133420579999999944e+02 1.432106864325964624e-01 9.861490607443790246e-01 -8.367036084829282405e-02 -1.454643599999999992e+01 -8.882023340285843949e-01 9.077251689869267337e-02 -4.503964520309317043e-01 3.395141399999999976e+01
