9.577945510279728403e-01 8.484757635717835034e-02 2.746461119466951928e-01 -9.662891999999999371e+00 -5.226980149600430475e-02 9.909238594873737149e-01 -1.238457611313998202e-01 4.258945999999999898e+00 -2.826613979175298663e-01 1.042630974264635441e-01 9.535364390742220309e-01 9.190955999999999904e+00
9.119937618988531725e-01 8.150395697826308405e-02 4.020254758774167159e-01 -1.252678700000000056e+01 -1.423798128096960547e-02 9.857611350788962890e-01 -1.675477975295669997e-01 4.976895999999999987e+00 -4.099568979132082736e-01 1.470785149668416558e-01 9.001684577280676391e-01 1.992383699999999891e+01
8.779801119261355646e-01 9.012671178481232448e-02 4.701362556589610553e-01 -1.206322699999999948e+01 -1.742862958382031952e-02 9.874835763610121386e-01 -1.567559545538704802e-01 3.659545000000000048e+00 -4.783797298517157848e-01 1.294347798704911234e-01 8.685617259739671914e-01 2.774832599999999871e+01
9.480431634172884481e-01 7.880631279471514428e-02 3.082267434234768899e-01 -6.431500999999999912e+00 -4.192054399490047212e-02 9.913310364715003375e-01 -1.245208581704782824e-01 2.299119000000000135e+00 -3.153677667246795879e-01 1.051301155332869941e-01 9.431282153127673595e-01 2.996091799999999949e+01
9.460686240294571281e-01 8.067317111547300801e-02 3.137610525370913561e-01 -4.270548999999999928e+00 -4.325530101678812245e-02 9.912826443149984623e-01 -1.244495802074532947e-01 1.299622000000000055e+00 -3.210656281213496999e-01 1.041660143330727234e-01 9.413109496319509439e-01 3.658021999999999707e+01
9.417196368963651754e-01 8.102923746124562898e-02 3.264940859498486891e-01 -2.203876000000000168e+00 -4.104541139072442890e-02 9.909821097482942598e-01 -1.275528610521377559e-01 3.894029999999999991e-01 -3.338853091819768415e-01 1.067179499206616089e-01 9.365531909492310625e-01 4.265335400000000021e+01
9.306578476708254888e-01 8.518180836072346274e-02 3.558370836395549075e-01 -1.319589999999999930e-01 -4.165639791822463300e-02 9.908666840370949913e-01 -1.282495964040833714e-01 -4.979540000000000077e-01 -3.635116436665889461e-01 1.045336022039264068e-01 9.257062227991589287e-01 4.839119699999999824e+01
9.088567291883191679e-01 9.264252892348857904e-02 4.066900633698478096e-01 1.565399999999999903e+00 -4.375996338339203928e-02 9.908196653182730351e-01 -1.279119088406916460e-01 -1.142989000000000033e+00 -4.148065951908123106e-01 9.845685681173153847e-02 9.045671539100674785e-01 5.260497699999999810e+01
8.646984627422402703e-01 8.304122488887713538e-02 4.953793733091451656e-01 4.062548999999999744e+00 -2.093987469517764877e-02 9.913414374339810653e-01 -1.296289939561301174e-01 -1.946374999999999966e+00 -5.018546504506625761e-01 1.017168097970197471e-01 8.589502898455534385e-01 5.739200400000000002e+01
7.782996451952027828e-01 5.612650190456257987e-02 6.253794672620606176e-01 7.695812000000000097e+00 2.836132647256906641e-02 9.918378050904175236e-01 -1.243117192952436501e-01 -2.893540999999999919e+00 -6.272521801076006431e-01 1.144883582613543949e-01 7.703551897487819211e-01 6.247434599999999705e+01
6.713084556159732985e-01 5.624213762935936778e-02 7.390411215713080795e-01 1.110511900000000018e+01 6.062000453384090715e-02 9.896098080353790127e-01 -1.303750086883885551e-01 -3.574478000000000044e+00 -7.386949116305147056e-01 1.323225218738688092e-01 6.609240332565654574e-01 6.591518999999999551e+01
5.246013435342528064e-01 7.027642814670237437e-02 8.484424871545496183e-01 1.491059199999999940e+01 7.164764282819610641e-02 9.894072873394538226e-01 -1.262530595143998013e-01 -4.225411000000000250e+00 -8.483277937443874928e-01 1.270214289264796625e-01 5.140092518177616920e-01 6.865332700000000443e+01
2.978863909289967693e-01 8.333204815799588605e-02 9.509571324981429541e-01 2.082369299999999868e+01 1.012473861708640122e-01 9.878054411840256899e-01 -1.182766974547408145e-01 -5.064252999999999894e+00 -9.492168692626912208e-01 1.315149425617705703e-01 2.858166457540731731e-01 7.112291500000000610e+01
4.199735214523060700e-02 1.011519267733961419e-01 9.939841598953271795e-01 2.725497999999999976e+01 1.049714307230437266e-01 9.889090723326185994e-01 -1.050706685531071077e-01 -5.878274000000000221e+00 -9.935880540469208544e-01 1.087526292476147932e-01 3.091350007657034382e-02 7.207982800000000623e+01
-2.107656873840693668e-01 1.010062951711786783e-01 9.723042493773813577e-01 3.395918700000000001e+01 1.268932617792782047e-01 9.890586466718768177e-01 -7.524023895902522130e-02 -6.573970000000000091e+00 -9.692656628275529984e-01 1.075207969622080789e-01 -2.212766437834668976e-01 7.128760900000000333e+01
-3.489757457767450610e-01 1.094062206332089282e-01 9.307234861903520562e-01 3.958733300000000099e+01 1.462055039972636750e-01 9.873566637058507345e-01 -6.124352403771146647e-02 -7.002955000000000041e+00 -9.256564586608094780e-01 1.147043919054943351e-01 -3.605593196925022115e-01 6.942377799999999866e+01
-3.883138048010352228e-01 1.351352104932041220e-01 9.115650628923318566e-01 4.409116199999999708e+01 1.655306372642293133e-01 9.833287953662812608e-01 -7.526013772506928712e-02 -7.372700000000000031e+00 -9.065384697451298601e-01 1.216673953385034035e-01 -4.042091634088750274e-01 6.743711299999999653e+01
-3.987246848705859326e-01 1.516741955555908905e-01 9.044410229956491021e-01 4.869973699999999894e+01 1.730569404824389979e-01 9.809535156934990896e-01 -8.821278478441565984e-02 -7.804676999999999865e+00 -9.005942044149014558e-01 1.213471814717113073e-01 -4.173786536505694755e-01 6.532622399999999629e+01
-4.128930187642411154e-01 1.565210837334010119e-01 8.972293493876992709e-01 5.428167700000000195e+01 1.694211583731886073e-01 9.811278044805165077e-01 -9.319175055083053771e-02 -8.401897999999999200e+00 -8.948831354714643638e-01 1.135314124908297917e-01 -4.316188043014322906e-01 6.273008899999999954e+01
-4.252681556334879653e-01 1.524454257373331900e-01 8.921364178060741112e-01 5.899065199999999720e+01 1.608824365729847605e-01 9.827473647276786517e-01 -9.123847172734945998e-02 -8.935472000000000747e+00 -8.906536012426101712e-01 1.047282640578275220e-01 -4.424569507884388297e-01 6.045391099999999796e+01
-4.293170829324764459e-01 1.586739177909307630e-01 8.891059723763116152e-01 6.282678099999999688e+01 1.619290055519002625e-01 9.820169399454001802e-01 -9.706558000261904240e-02 -9.361796999999999258e+00 -8.885189021418297139e-01 1.023001342772781180e-01 -4.472905577625455598e-01 5.856805800000000062e+01
-4.312361866145396072e-01 1.472534847710218475e-01 8.901414284128900123e-01 6.861498699999999928e+01 1.456622506914749260e-01 9.850118657162046931e-01 -9.238037195083934061e-02 -1.004105999999999987e+01 -8.904032008464725090e-01 8.982224457823323460e-02 -4.462220347554389788e-01 5.571387000000000000e+01
-4.256535410708021105e-01 1.566312217624277470e-01 8.912270885375374041e-01 7.547938100000000361e+01 1.694085360960883302e-01 9.812846813079161290e-01 -9.154846873761302017e-02 -1.073119600000000062e+01 -8.888868380573912154e-01 1.120135465005485109e-01 -4.442219653829627690e-01 5.225383800000000178e+01
-4.245803106766525281e-01 1.553216155066098891e-01 8.919679117222401032e-01 8.161760700000000668e+01 1.629949914442299086e-01 9.821916392083367420e-01 -9.344633022936633948e-02 -1.136639100000000013e+01 -8.905976603100933531e-01 1.057108302193167232e-01 -4.423358767096901012e-01 4.921786300000000125e+01
-4.239056917852890294e-01 1.499689024650442404e-01 8.932039480238910256e-01 8.789530399999999588e+01 1.631231338382905238e-01 9.827107926652991488e-01 -8.758048404704472933e-02 -1.199000299999999974e+01 -8.908955088442253034e-01 1.085763614815377226e-01 -4.410400957380402609e-01 4.619574300000000022e+01
-4.136647370390856837e-01 1.487285610260834501e-01 8.981989203208240458e-01 9.650375699999999313e+01 1.681621175388906542e-01 9.820731018068197260e-01 -8.516997670757051053e-02 -1.286073099999999947e+01 -8.947642077973503305e-01 1.158112163939328809e-01 -4.312595211727356936e-01 4.197840699999999714e+01
-4.109136258318740187e-01 1.473365857159592562e-01 8.996899035863779037e-01 1.032074219999999940e+02 1.589505023841555897e-01 9.833178776720894465e-01 -8.843466086485737843e-02 -1.353444999999999965e+01 -8.977108275483407507e-01 1.066671550198166063e-01 -4.274779387786593610e-01 3.884902600000000206e+01
-4.253420220368768212e-01 1.329240062975511061e-01 8.952180588210838508e-01 1.111278429999999986e+02 1.465178835025393311e-01 9.862205313933520845e-01 -7.682169792546052201e-02 -1.430568599999999968e+01 -8.930938775422867515e-01 9.848995891979543671e-02 -4.389567790665268587e-01 3.505087799999999731e+01
-4.771928042298089201e-01 1.358388185918531221e-01 8.682366284342420970e-01 1.177388519999999943e+02 1.510440346062467964e-01 9.859566005971235336e-01 -7.124100889818449356e-02 -1.496131399999999978e+01 -8.657209291689541564e-01 9.714626653934727019e-02 -4.910090383040905948e-01 3.158280900000000102e+01
-5.572646058020451765e-01 1.327909902396766928e-01 8.196479195553766361e-01 1.239495979999999946e+02 1.481566349780306380e-01 9.871901252092549761e-01 -5.920530551666831898e-02 -1.550103200000000037e+01 -8.170102634803785291e-01 8.844325638793233690e-02 -5.697999822457180397e-01 2.766672499999999957e+01
-6.434069423585646597e-01 1.284186534374165689e-01 7.546761927967006178e-01 1.306095310000000040e+02 1.450818885966826122e-01 9.884183379466108255e-01 -4.450207649176875224e-02 -1.602467000000000041e+01 -7.516506849102327914e-01 8.085690236572364020e-02 -6.545864413611065524e-01 2.247663000000000011e+01
-7.274405180713267027e-01 1.360183860455806137e-01 6.725543036258672114e-01 1.366484820000000013e+02 1.460734576185574174e-01 9.883860943458322446e-01 -4.189837088898805406e-02 -1.646026900000000026e+01 -6.704422701825112352e-01 6.776375994104145983e-02 -7.388607684748010884e-01 1.664877299999999849e+01
-8.088081392283446025e-01 1.238719158112146917e-01 5.748783718241988749e-01 1.420325080000000071e+02 1.352177341649428433e-01 9.905443282837079755e-01 -2.319694101119068250e-02 -1.675484399999999852e+01 -5.723159601874486802e-01 5.897187616344885808e-02 -8.179099947649993707e-01 9.889799000000000007e+00
-8.607437031965856633e-01 1.135094055126468354e-01 4.962216160825658751e-01 1.453902809999999874e+02 1.244747723857777683e-01 9.921613417386275779e-01 -1.104096911123590014e-02 -1.688938299999999870e+01 -4.935851582522885472e-01 5.226362807509588732e-02 -8.681256848714310470e-01 4.561173000000000144e+00
-9.245411279531366988e-01 8.982723034997248945e-02 3.703441256598977160e-01 1.487264700000000062e+02 1.019547845010122661e-01 9.947006764530796907e-01 1.325843811080153201e-02 -1.687920400000000143e+01 -3.671905835400647300e-01 5.001632684872799051e-02 -9.288000012963325558e-01 -2.418225000000000069e+00
-9.624989106837430475e-01 9.400409765752894276e-02 2.544780472972123508e-01 1.507630969999999877e+02 1.023654866086864540e-01 9.945500766251934577e-01 1.978515191219620481e-02 -1.682473399999999941e+01 -2.512312760863489869e-01 4.509295630600868021e-02 -9.668761405721053581e-01 -8.648505999999999361e+00
-9.835193968879724080e-01 9.654043953196117522e-02 1.528709896615295105e-01 1.520434099999999944e+02 1.017794281888781127e-01 9.944457773154440350e-01 2.680567061327486511e-02 -1.669542699999999869e+01 -1.494340789199863906e-01 4.192301890916409757e-02 -9.878825418757423149e-01 -1.507586099999999973e+01
-9.920342764348889508e-01 8.850185832291941612e-02 8.964047886806343624e-02 1.526654560000000060e+02 9.196263590707511038e-02 9.951388830038689903e-01 3.523460132929950167e-02 -1.658646799999999999e+01 -8.608639831778634732e-02 4.319750695586298955e-02 -9.953507459270168889e-01 -2.028537700000000044e+01
-9.949772360834812091e-01 9.306162405590352737e-02 3.687592444609842646e-02 1.530088540000000137e+02 9.477983788545292498e-02 9.943421537452199477e-01 4.796314851763421733e-02 -1.634410099999999844e+01 -3.220375763919397505e-02 5.121733508681462071e-02 -9.981681734960903274e-01 -2.682687800000000067e+01
-9.971135699997000224e-01 7.473068519734929471e-02 1.341093629792209328e-02 1.531631859999999961e+02 7.534927361821422420e-02 9.957014935856198790e-01 5.386114217664908499e-02 -1.607097900000000124e+01 -9.328209241849795899e-03 5.471618006860858030e-02 -9.984583737698025097e-01 -3.330774799999999658e+01
-9.972274699152133826e-01 7.405506990576120330e-02 7.295194840064683252e-03 1.532412480000000130e+02 7.430839755779246325e-02 9.962309976805233669e-01 4.474439979329547512e-02 -1.580831899999999912e+01 -3.954149579207620786e-03 4.516243883717993568e-02 -9.989718308437844918e-01 -3.978906599999999827e+01
-9.969666656898344970e-01 7.605983924208245539e-02 1.650358620912918683e-02 1.533395739999999989e+02 7.668992524426754276e-02 9.961838171793704344e-01 4.167082619731980048e-02 -1.561201400000000028e+01 -1.327112916530622834e-02 4.281008344312297459e-02 -9.989950820130549802e-01 -4.495814200000000227e+01
-9.961066356039162129e-01 7.235508433177154086e-02 5.036181368049253565e-02 1.536049610000000030e+02 7.470643700128409836e-02 9.961214738435902882e-01 4.648610134488311008e-02 -1.538883500000000026e+01 -4.680297828578421776e-02 5.006746567398633052e-02 -9.976486005125071443e-01 -5.131862499999999727e+01
-9.900556722006474963e-01 8.322577768107980445e-02 1.134162063935477138e-01 1.541282339999999920e+02 8.780734428434860961e-02 9.954864173206249278e-01 3.600921020900769987e-02 -1.517087000000000074e+01 -1.099073984454832231e-01 4.560989870111650801e-02 -9.928948085811607482e-01 -5.764724999999999966e+01
-9.775471812017404449e-01 9.478318116915417091e-02 1.881957945650934994e-01 1.551222710000000120e+02 1.033621761245067244e-01 9.939817257250698201e-01 3.628483803765171489e-02 -1.499730199999999947e+01 -1.836239882785961619e-01 5.492246800779680693e-02 -9.814610300142305732e-01 -6.390049499999999938e+01
-9.539843588280364495e-01 1.118933719825536549e-01 2.781972617008198756e-01 1.565515320000000088e+02 1.255412258221051680e-01 9.915825115014392788e-01 3.167843909635222055e-02 -1.486424200000000084e+01 -2.723109320804873446e-01 6.514596066428049448e-02 -9.600014375398531197e-01 -6.983889899999999784e+01
-9.235800628246434441e-01 1.199890935714438556e-01 3.641462411953893530e-01 1.580413210000000106e+02 1.388454403372676171e-01 9.899740683506067507e-01 2.594778778429050400e-02 -1.480410400000000060e+01 -3.573818843343596341e-01 7.452490467791023088e-02 -9.309802507746178790e-01 -7.448342399999999941e+01
-8.680265595617616681e-01 1.285873085185190723e-01 4.795781437715175288e-01 1.606600469999999916e+02 1.501678786118889608e-01 9.886376639688033707e-01 6.721429573565980420e-03 -1.477654099999999993e+01 -4.732647252105064428e-01 7.785161186687544754e-02 -8.774734334446558925e-01 -7.990289900000000500e+01
-7.927528733224686874e-01 1.308265907833716102e-01 5.953379586276767998e-01 1.638784630000000107e+02 1.531431486445336554e-01 9.881156568544881003e-01 -1.321456402087175380e-02 -1.485365700000000011e+01 -5.899915743993362494e-01 8.069604589460174782e-02 -8.033667221853094675e-01 -8.479766600000000665e+01
-6.892081908551217495e-01 1.357981526703190278e-01 7.117239151451483226e-01 1.677179580000000101e+02 1.612228601865158262e-01 9.863963856586568379e-01 -3.208363621564049029e-02 -1.509923399999999916e+01 -7.063987960150334144e-01 9.263386039061045907e-02 -7.017262350073878441e-01 -8.908010799999999563e+01
-5.833885109453654794e-01 1.442043765029023816e-01 7.992890235042382496e-01 1.712843070000000125e+02 1.671514903358302939e-01 9.843626165974602715e-01 -5.559332985091099133e-02 -1.534659500000000065e+01 -7.948070360631316333e-01 1.011698415675864188e-01 -5.983698175724854185e-01 -9.210859499999999400e+01
-4.285187851850607577e-01 1.439172509273231315e-01 8.919974639140189066e-01 1.762352390000000071e+02 1.699372090563155135e-01 9.824519785772645175e-01 -7.687297813775717525e-02 -1.580856799999999929e+01 -8.874080209924122276e-01 1.186420442977104694e-01 -4.454560243202355663e-01 -9.516373900000000674e+01
-2.700805951812725314e-01 1.447260859454267967e-01 9.518985408925925151e-01 1.816042600000000107e+02 1.580446830546451409e-01 9.818926620928912774e-01 -1.044446182734759671e-01 -1.640237499999999926e+01 -9.497780531601508480e-01 1.222340385287677550e-01 -2.880633429651564548e-01 -9.717837799999999504e+01
-1.161007488304182517e-01 1.453929332836252641e-01 9.825383000535904410e-01 1.872178040000000010e+02 1.542518027402849101e-01 9.798651244527806226e-01 -1.267703405079796952e-01 -1.712572499999999920e+01 -9.811865253214538951e-01 1.368401725821777326e-01 -1.361901967664759239e-01 -9.833683700000000272e+01
7.515044432950126509e-03 1.452213935400686329e-01 9.893706438769300782e-01 1.918366469999999993e+02 1.556287422076115257e-01 9.771728329444503425e-01 -1.446131015993856739e-01 -1.780321299999999951e+01 -9.877870310477090410e-01 1.550612827678075067e-01 -1.525712556002811748e-02 -9.864603800000000433e+01
1.599189575899639393e-01 1.466539234045027007e-01 9.761754728292481031e-01 1.976836979999999926e+02 1.453253201949782636e-01 9.746294640337297421e-01 -1.702291371873566883e-01 -1.879665999999999926e+01 -9.763741487327318724e-01 1.690858793258358250e-01 1.345491995481301606e-01 -9.822793699999999717e+01
3.020379248892828272e-01 1.422578492680366402e-01 9.426217673331168667e-01 2.034302580000000091e+02 1.283414869512254364e-01 9.737328380272084472e-01 -1.880766409595480415e-01 -1.989115100000000069e+01 -9.446171471319607660e-01 1.777837576076928550e-01 2.758466618887470689e-01 -9.694910000000000139e+01
4.069974860318746890e-01 1.311227708204204812e-01 9.039689515332423042e-01 2.090724179999999990e+02 1.176416722946049542e-01 9.738764908096169126e-01 -1.942292912721327869e-01 -2.109381499999999932e+01 -9.058219931661313229e-01 1.853952524222821086e-01 3.809397814298417506e-01 -9.488483600000000706e+01
4.989412538022549026e-01 1.222270370429019704e-01 8.579732960121468910e-01 2.145173179999999888e+02 1.037970385370392268e-01 9.744499693720329869e-01 -1.991819067631005469e-01 -2.236883399999999966e+01 -8.603974663172679893e-01 1.884351575650285993e-01 4.735064850118407831e-01 -9.220749600000000612e+01
5.640989276037404743e-01 1.184131255792645193e-01 8.171724001499678369e-01 2.187447840000000099e+02 9.359356050683347028e-02 9.741158502531680474e-01 -2.057633488189799797e-01 -2.342952700000000021e+01 -8.203856686388197872e-01 1.925529588868913067e-01 5.384150004559116187e-01 -8.964720900000000370e+01
6.281367278512971497e-01 1.078841741618610101e-01 7.705876044225463684e-01 2.237674389999999960e+02 9.233327894479818887e-02 9.730093924190539312e-01 -2.114882688557585544e-01 -2.480026799999999909e+01 -7.726052140152612768e-01 2.039944294085423437e-01 6.012216363760669591e-01 -8.596562799999999527e+01
6.598831538548778353e-01 1.008175230686769591e-01 7.445737373160810080e-01 2.286948500000000024e+02 8.794386524189924670e-02 9.737825231089980438e-01 -2.097938851677720040e-01 -2.622858899999999949e+01 -7.462037924219189211e-01 2.039201430211602106e-01 6.337163998551523791e-01 -8.189127399999999568e+01
6.768593120495510762e-01 9.088812725061108655e-02 7.304798559965122173e-01 2.336435710000000086e+02 9.212012915069824059e-02 9.740884202553224958e-01 -2.065566056308749676e-01 -2.768785000000000096e+01 -7.303255120130114353e-01 2.071016606629866308e-01 6.509481919888602253e-01 -7.754949999999999477e+01
6.892144377492668283e-01 9.116947104056251361e-02 7.187987105915996100e-01 2.385277230000000088e+02 8.672219763400083881e-02 9.745407712210192308e-01 -2.067596325820645620e-01 -2.910863799999999912e+01 -7.193488161076595500e-01 2.048375277582822618e-01 6.637611528150646478e-01 -7.307186400000000503e+01
6.919717465808601364e-01 9.816201146817440937e-02 7.152197714257877426e-01 2.433722400000000050e+02 8.010442701824813105e-02 9.741547622893697023e-01 -2.112008046410329964e-01 -3.058092299999999852e+01 -7.174666422252062858e-01 2.034372596489237572e-01 6.662243606178209765e-01 -6.854370199999999613e+01
6.943220315471965165e-01 9.064233763617531026e-02 7.139333884446247280e-01 2.481730220000000031e+02 8.715328534871365218e-02 9.741446017239211441e-01 -2.084384796170531406e-01 -3.204116199999999992e+01 -7.143677073896185226e-01 2.069450689434096380e-01 6.684702813730075688e-01 -6.408776000000000295e+01
6.945412551716755312e-01 8.840690329164346828e-02 7.140004652063860480e-01 2.530219060000000013e+02 8.776376544994499151e-02 9.745987084671152711e-01 -2.060458175461906127e-01 -3.350348799999999727e+01 -7.140798039005169517e-01 2.057706901009301315e-01 6.691400875428001882e-01 -5.949133499999999941e+01
6.955344372139088405e-01 9.146095478368822251e-02 7.126476972527078235e-01 2.569236089999999990e+02 8.570453089668901570e-02 9.742219098471478489e-01 -2.086777509883463999e-01 -3.466151500000000141e+01 -7.133628670132119431e-01 2.062196986803926935e-01 6.697662695618962214e-01 -5.583647100000000307e+01
6.959531386992694468e-01 8.403754266250901273e-02 7.131528028114889617e-01 2.618333519999999908e+02 8.405217509713303059e-02 9.767682577469022354e-01 -1.971268690958237479e-01 -3.614521299999999826e+01 -7.131510783810653953e-01 1.971331075221210150e-01 6.727213965101715987e-01 -5.112763400000000047e+01
7.005258207587745645e-01 7.943719409614856397e-02 7.091920097155466340e-01 2.666519200000000183e+02 8.554818450086278114e-02 9.772707060753090813e-01 -1.939677168388420359e-01 -3.752685100000000062e+01 -7.084808272485936254e-01 1.965494829329186566e-01 6.778076557401448987e-01 -4.648796899999999965e+01
7.114083617913243840e-01 7.028296302409819951e-02 6.992556384341405140e-01 2.713237340000000017e+02 8.498569278176321129e-02 9.790812294210917699e-01 -1.848712476770992263e-01 -3.889614000000000260e+01 -6.976213692224372265e-01 1.909456763161628823e-01 6.905535271797366148e-01 -4.188144299999999731e+01
7.213484971165099457e-01 7.084296922393838736e-02 6.889394889388242849e-01 2.758506840000000011e+02 8.336684651636948329e-02 9.786396764638320978e-01 -1.879211338638687445e-01 -4.016710799999999892e+01 -6.875364096610945275e-01 1.929913401225612224e-01 7.000343048937168744e-01 -3.731786699999999968e+01
7.123640887000284305e-01 8.986662964948921584e-02 6.960326098725686528e-01 2.809842570000000137e+02 7.279406475117833342e-02 9.769568961474238700e-01 -2.006395953120742037e-01 -4.173216399999999737e+01 -6.980246623634289715e-01 1.935954853436236411e-01 6.894072517655928101e-01 -3.204939300000000202e+01
6.377821588074137349e-01 9.395488977367577599e-02 7.644647778639453994e-01 2.880947820000000092e+02 8.351686120394977153e-02 9.782436803653030699e-01 -1.899058601517790157e-01 -4.380277000000000243e+01 -7.656754219652052162e-01 1.849642682059518539e-01 6.160595488144322562e-01 -2.558594000000000079e+01
4.587577756609783064e-01 1.127186074480253097e-01 8.813829013576162108e-01 2.970200820000000022e+02 9.770172566395893266e-02 9.795078890797078719e-01 -1.761211742888947052e-01 -4.593858099999999922e+01 -8.831736386877022671e-01 1.669095885969188175e-01 4.383440579744766197e-01 -1.984048800000000057e+01
2.421925170190392662e-01 1.185384758476412670e-01 9.629597158986974437e-01 3.045785740000000033e+02 1.164544378497600896e-01 9.817815129782915262e-01 -1.501446791569820416e-01 -4.738266399999999834e+01 -9.632139682360706390e-01 1.485048501489930617e-01 2.239758042225685752e-01 -1.719049000000000049e+01
2.281543308631787687e-03 1.220885092331646937e-01 9.925165945581736482e-01 3.123260109999999941e+02 1.410752619010894604e-01 9.825535197533122878e-01 -1.211872571680560617e-01 -4.852940499999999702e+01 -9.899962449624087890e-01 1.402960324941550097e-01 -1.498193000681646847e-02 -1.642716400000000121e+01
-2.762752404887385271e-01 1.207713515896227940e-01 9.534601575986831890e-01 3.209086429999999837e+02 1.466604043944592373e-01 9.857518441870570802e-01 -8.236520785301008896e-02 -4.946631899999999860e+01 -9.498224661881522479e-01 1.170793846799324106e-01 -2.900512030783962691e-01 -1.788294300000000092e+01
-5.095613607205747853e-01 1.080536777101040874e-01 8.536226463689428057e-01 3.277536220000000071e+02 1.449385684288601039e-01 9.886862373453784159e-01 -3.863075802557650734e-02 -4.998684300000000036e+01 -8.481391578287073019e-01 1.040381027179896611e-01 -5.194574497881921937e-01 -2.103315900000000127e+01
-7.111098154176036523e-01 9.402079666321092044e-02 6.967660441005690819e-01 3.335851749999999925e+02 1.379468726499907816e-01 9.904138836785491007e-01 7.141382419448893959e-03 -5.014535399999999754e+01 -6.894153252886304761e-01 1.011950038864999069e-01 -7.172629088734355784e-01 -2.576875199999999921e+01
-8.307388689295255313e-01 8.352159029634111109e-02 5.503608594404792997e-01 3.369676269999999931e+02 1.195246153419883689e-01 9.923834991496488511e-01 2.981370394379979916e-02 -5.009747300000000081e+01 -5.436789475205404676e-01 9.054907271678139247e-02 -8.343944315808253798e-01 -3.005971200000000110e+01
-9.214919976976633231e-01 7.083241733552801678e-02 3.818838394506572365e-01 3.395460360000000151e+02 9.659485734697569048e-02 9.941320546892586929e-01 4.869179985819352408e-02 -4.989755199999999746e+01 -3.761940080773312212e-01 8.175711891767314943e-02 -9.229267802989543634e-01 -3.508862799999999993e+01
-9.778686434244651116e-01 6.350687734216312053e-02 1.993484204538481797e-01 3.411693470000000161e+02 7.957069271583119829e-02 9.941065452327996210e-01 7.362527817285510756e-02 -4.959843500000000205e+01 -1.934978580447844487e-01 8.785814279595816068e-02 -9.771589050285147682e-01 -4.055940999999999974e+01
-9.980197514779172163e-01 5.710427805534996210e-02 2.637569122757978807e-02 3.417338300000000118e+02 5.919422248309767071e-02 9.944682232222904483e-01 8.676979327924136398e-02 -4.918431900000000212e+01 -2.127486038912798638e-02 8.815925605900959416e-02 -9.958791723329413204e-01 -4.606323499999999882e+01
-9.955069556867978120e-01 6.534447443423187230e-02 -6.852737292584649975e-02 3.415305339999999887e+02 5.870582988779159128e-02 9.937657370206843810e-01 9.478019551004168708e-02 -4.884307799999999844e+01 7.429351732412255160e-02 9.033138759395908934e-02 -9.931368051275515363e-01 -5.041260299999999717e+01
-9.902976370553964180e-01 6.778641660092848964e-02 -1.213078388518417788e-01 3.409295389999999770e+02 5.622921915440636659e-02 9.937643460790299699e-01 9.628447110206206361e-02 -4.836219400000000235e+01 1.270781844211853195e-01 8.852923916155300277e-02 -9.879340609867099943e-01 -5.584667600000000220e+01
-9.846365424504366359e-01 6.760053291134286713e-02 -1.610001466500916578e-01 3.400996079999999893e+02 5.216753946506785117e-02 9.937954636854237078e-01 9.822995563693534549e-02 -4.786904899999999685e+01 1.666416127424634741e-01 8.832182237916147427e-02 -9.820538827346562138e-01 -6.130189899999999881e+01
-9.797246512686106357e-01 7.349190896480453650e-02 -1.863827969886389380e-01 3.391036290000000122e+02 5.499818124372535255e-02 9.932084030149821441e-01 1.025293530668719838e-01 -4.737424699999999689e+01 1.926520380283625322e-01 9.019981982874376858e-02 -9.771126776101006772e-01 -6.654835699999999576e+01
-9.814895670253651616e-01 8.587690065527253669e-02 -1.711823231359037301e-01 3.381738990000000058e+02 6.926434408160400680e-02 9.924956665902020525e-01 1.007710396821210469e-01 -4.695066700000000282e+01 1.785516184729381839e-01 8.704889277592735286e-02 -9.800723492718170782e-01 -7.156851799999999741e+01
-9.915280401562807100e-01 8.663509662221641205e-02 -9.678070890991125053e-02 3.375481469999999717e+02 7.676133488384503933e-02 9.918730942334900158e-01 1.014665580500900693e-01 -4.655541699999999850e+01 1.047847462691776643e-01 9.317792103787962688e-02 -9.901202108735905894e-01 -7.619826899999999625e+01
-9.893431930126049823e-01 9.988101574626634394e-02 1.059425746955297148e-01 3.376311509999999885e+02 1.092694546560296909e-01 9.902101515394371445e-01 8.685644516913390567e-02 -4.618151699999999948e+01 -9.623010297613564246e-02 9.750712015919138498e-02 -9.905716171986069796e-01 -8.104522900000000618e+01
-9.226680424376464407e-01 7.493805492585393913e-02 3.782432701162191102e-01 3.386985910000000217e+02 1.123337173528078520e-01 9.906234768111181754e-01 7.775772075074910417e-02 -4.596473399999999998e+01 -3.688696509744069929e-01 1.142340365853439510e-01 -9.224346944230997769e-01 -8.459864399999999307e+01
-7.590246626883262460e-01 5.627873131908314036e-02 6.486249038018723212e-01 3.407526940000000195e+02 1.213808682736159106e-01 9.910220507240695698e-01 5.605336560638204263e-02 -4.579489399999999932e+01 -6.396469700139419956e-01 1.212765409292913543e-01 -7.590413390403780713e-01 -8.748292399999999702e+01
-5.686949020647139585e-01 4.519820177214789458e-02 8.213058084064478459e-01 3.431698509999999942e+02 1.271843905384672235e-01 9.913128063757324915e-01 3.351194889629784124e-02 -4.563003100000000245e+01 -8.126562859960927421e-01 1.235153531834550372e-01 -5.695030450831692903e-01 -8.938511400000000151e+01
-3.323662112923903011e-01 5.830383677580180946e-02 9.413465696587860476e-01 3.470167020000000093e+02 1.448797334338658427e-01 9.893974514724629410e-01 -1.012649297275784038e-02 -4.558182599999999951e+01 -9.319563103661431258e-01 1.330163359780143773e-01 -3.372893267384988736e-01 -9.115316099999999722e+01
-1.537149929824986327e-01 7.729852179931828715e-02 9.850871227764735893e-01 3.514980180000000018e+02 1.460309708115272720e-01 9.877654020965882520e-01 -5.472171401563016846e-02 -4.572011200000000031e+01 -9.772648855332076723e-01 1.354416809870796767e-01 -1.631223300322823810e-01 -9.221922899999999856e+01
6.090870216884718916e-05 8.372119309545668353e-02 9.964892162571571399e-01 3.562157470000000217e+02 1.309514550383740206e-01 9.879075640869156016e-01 -8.300819985513044341e-02 -4.610609099999999927e+01 -9.913887798000654561e-01 1.304967687206461946e-01 -1.090323988580743642e-02 -9.252757800000000543e+01
1.198129289652755947e-01 8.467539463772141839e-02 9.891789219325833882e-01 3.600687490000000253e+02 1.207359262057662030e-01 9.877182233305970005e-01 -9.917432845189717849e-02 -4.652232599999999962e+01 -9.854276727269218883e-01 1.313118000927378515e-01 1.081180511311929937e-01 -9.225464700000000562e+01
2.995142477566811179e-01 9.232394406433763745e-02 9.496143979232591903e-01 3.647846729999999980e+02 1.090575931951174027e-01 9.854706837103339723e-01 -1.302074226531465539e-01 -4.711549999999999727e+01 -9.478384127884020849e-01 1.425616389492345704e-01 2.850938833838255748e-01 -9.120179400000000669e+01
4.743558074034144312e-01 9.691155963499972770e-02 8.749826955956139241e-01 3.692637280000000146e+02 8.369410252013992357e-02 9.844556397508277268e-01 -1.544098136976304880e-01 -4.787725100000000111e+01 -8.763457452318708096e-01 1.464760832760780007e-01 4.588713238393704597e-01 -8.925209700000000623e+01
6.214022752587937681e-01 1.033980107299309198e-01 7.766389532339253998e-01 3.748221409999999878e+02 6.038038109266667675e-02 9.819857027455946019e-01 -1.790482872924092361e-01 -4.911361399999999833e+01 -7.811615850016554452e-01 1.581547690723674182e-01 6.039649386656210650e-01 -8.541915000000000191e+01
7.140185748896954454e-01 9.370843884561300130e-02 6.938272142267170040e-01 3.789756340000000137e+02 5.485519902882754484e-02 9.804680546024561183e-01 -1.888737701312254436e-01 -5.020583500000000043e+01 -6.979744851009930251e-01 1.729194101111650450e-01 6.949320080085608087e-01 -8.159660200000000430e+01
8.019502335875723364e-01 7.574399181700831873e-02 5.925695491269047377e-01 3.825738969999999881e+02 4.872588050657058328e-02 9.803308599747558860e-01 -1.912516497968448914e-01 -5.137908199999999681e+01 -5.954003790876334357e-01 1.822477782711783290e-01 7.824858694554949201e-01 -7.724941699999999400e+01
9.281499732149783854e-01 5.527030608443469356e-02 3.680799104628883489e-01 3.867035430000000247e+02 2.009316860016738954e-02 9.800310213808255400e-01 -1.978268477908426415e-01 -5.312706399999999718e+01 -3.716636810298260540e-01 1.910088751775395055e-01 9.085052106657236504e-01 -6.976633900000000210e+01
9.642073255174751223e-01 5.747301956047611016e-02 2.588456788146921705e-01 3.890767849999999726e+02 -4.198785214298065421e-03 9.794127736713356125e-01 -2.018241535895670680e-01 -5.483388899999999921e+01 -2.651162077677670648e-01 1.935134899484325377e-01 9.445982879440423252e-01 -6.195107699999999795e+01
9.705025799755442328e-01 5.202888983031498521e-02 2.354097213027473712e-01 3.909518150000000105e+02 -3.527626551620761941e-03 9.793961951445784297e-01 -2.019174306176540201e-01 -5.647823600000000255e+01 -2.410649250963825818e-01 1.951309497730889519e-01 9.506900726992617567e-01 -5.459712999999999994e+01
9.748689854421286327e-01 4.330434527693182573e-02 2.185296201963733420e-01 3.928104339999999866e+02 2.208348171611716759e-03 9.789991618590847544e-01 -2.038523099637641889e-01 -5.818269399999999791e+01 -2.227680058298046051e-01 1.992118840816127778e-01 9.543002885985449879e-01 -4.670048100000000346e+01
9.774970928482537014e-01 4.252085415923590600e-02 2.066189982426142602e-01 3.946602790000000027e+02 5.069549886019195095e-04 9.789978800321742503e-01 -2.038697964121904682e-01 -6.001373199999999741e+01 -2.109482791346067865e-01 1.993868798443805546e-01 9.569460254769182050e-01 -3.834463300000000174e+01
9.839417247758489582e-01 3.356640648944754501e-02 1.753053866842455288e-01 3.968300439999999867e+02 3.992759992684131315e-03 9.777729983914847933e-01 -2.096282936155477172e-01 -6.249492699999999701e+01 -1.784453420876221663e-01 2.069619771163549726e-01 9.619376278716416095e-01 -2.736583900000000114e+01
9.877389688112906407e-01 5.139636113482008717e-02 1.474114770080922621e-01 3.985891379999999913e+02 -1.952296425287975909e-02 9.775060787175262611e-01 -2.100017141288756661e-01 -6.496349899999999877e+01 -1.548889387864380018e-01 2.045489675661658902e-01 9.665242555203809038e-01 -1.640120999999999896e+01
9.890712592525194857e-01 3.887989180163131664e-02 1.422195420261529730e-01 3.996582690000000184e+02 -7.105029540331507520e-03 9.760522050021580576e-01 -2.174203570635837579e-01 -6.663832800000000134e+01 -1.472669775471278919e-01 2.140337523007029841e-01 9.656614262774583235e-01 -9.215030000000000499e+00
9.869802662222216805e-01 5.451826362978959284e-02 1.513199029166530651e-01 4.008897949999999923e+02 -2.001081521715307454e-02 9.751140830121316494e-01 -2.207987599280274993e-01 -6.861587000000000103e+01 -1.595917333769437396e-01 2.148959842393582953e-01 9.635093121478069955e-01 -9.104330000000000478e-01
9.850722903406111675e-01 5.917368196873883102e-02 1.616510382440061455e-01 4.022054560000000265e+02 -2.158265633731034847e-02 9.741061423257485474e-01 -2.250586866323404656e-01 -7.059487900000000593e+01 -1.707828204139050510e-01 2.182102170969797417e-01 9.608420938978270431e-01 7.482903000000000304e+00
9.846843769660482693e-01 5.528595261561233820e-02 1.653485446031187911e-01 4.031852250000000026e+02 -1.763057105256432555e-02 9.751048098258926489e-01 -2.210424683602001117e-01 -7.203293399999999735e+01 -1.734527045720123117e-01 2.147418759762377005e-01 9.611451950558044244e-01 1.345818599999999954e+01
9.844145514388488172e-01 5.263518048099255497e-02 1.678020521065922699e-01 4.039913179999999784e+02 -1.335757800142118798e-02 9.737826350345587523e-01 -2.270879891475713341e-01 -7.318982099999999491e+01 -1.753555417584118370e-01 2.213072919740442512e-01 9.593088743953790409e-01 1.821060699999999954e+01
9.843290886008542184e-01 4.727659567902028903e-02 1.698857523019925431e-01 4.052620170000000144e+02 -8.150387446236521949e-03 9.745594199293252657e-01 -2.239810443128910089e-01 -7.492608500000000049e+01 -1.761528214894321764e-01 2.190864225095189854e-01 9.596725081783330502e-01 2.542962500000000148e+01
9.841875707475196133e-01 3.863152120496460978e-02 1.728653555675238873e-01 4.067767729999999915e+02 1.062721544212122393e-03 9.746215403509798092e-01 -2.238564801536978288e-01 -7.699250899999999831e+01 -1.771262154764662589e-01 2.205004731361676906e-01 9.591693516463662972e-01 3.382589899999999972e+01
9.799857775652182079e-01 5.103023699932680846e-02 1.924156716114544807e-01 4.083231339999999818e+02 -4.975137872542608614e-03 9.725615073874891436e-01 -2.325926962553296062e-01 -7.904996199999999362e+01 -1.990053360416342010e-01 2.269802398006649236e-01 9.533503275118695441e-01 4.221818400000000082e+01
9.698824343267467007e-01 4.789439820890903365e-02 2.388183204962095463e-01 4.104176039999999830e+02 8.560586152642903762e-03 9.731689193649640801e-01 -2.299325352070716311e-01 -8.137465899999999408e+01 -2.434230472842433546e-01 2.250519517849923212e-01 9.434494364027244950e-01 5.180094299999999663e+01
9.611691037861774811e-01 5.426657034827148118e-02 2.705717894931259915e-01 4.123072290000000066e+02 7.885485452815411272e-03 9.746731671727660862e-01 -2.234950476242878459e-01 -8.316513999999999385e+01 -2.758473727372617867e-01 2.169501245356760810e-01 9.363978163248272146e-01 5.893890199999999879e+01
9.493712431469535362e-01 4.315896459484337699e-02 3.111776766747723078e-01 4.152711679999999888e+02 3.167064134905692163e-02 9.723237987002837368e-01 -2.314808868083703952e-01 -8.562719500000000039e+01 -3.125559360532886299e-01 2.296164938678213197e-01 9.217293814247765615e-01 6.843722900000000209e+01
9.347548586896761158e-01 5.185721931204460844e-02 3.514885246508999139e-01 4.186580030000000079e+02 3.123892558908870909e-02 9.734639115350184335e-01 -2.266983512665700362e-01 -8.805985300000000393e+01 -3.539173401856471890e-01 2.228875091703532429e-01 9.083301572510694699e-01 7.780885899999999822e+01
9.191573294999761945e-01 5.926981291598865109e-02 3.894058203255001960e-01 4.215356560000000172e+02 3.108079088257884037e-02 9.746181178372261833e-01 -2.217059061494213168e-01 -8.985842800000000352e+01 -3.926624352603460544e-01 2.158856495006704068e-01 8.939852338126665909e-01 8.485546600000000694e+01
9.066801818662117984e-01 5.413544061320570144e-02 4.183304936060331380e-01 4.247135109999999827e+02 4.160198008778792644e-02 9.754192289601226751e-01 -2.163945540618227026e-01 -9.164806199999999592e+01 -4.197622220541392668e-01 2.136040304967438963e-01 8.821411423869298662e-01 9.186201499999999953e+01
8.895284057661368982e-01 5.534521163443093666e-02 4.535152950941070404e-01 4.287372679999999718e+02 4.884058991680478162e-02 9.754286500329816256e-01 -2.148337624104128540e-01 -9.367638399999999876e+01 -4.542618321097794398e-01 2.132506887303655674e-01 8.649683992171571800e-01 9.990425700000000120e+01
8.562492348370888129e-01 5.037155897241060026e-02 5.141011125134713478e-01 4.338847260000000006e+02 6.158069196557462016e-02 9.781833416591468877e-01 -1.984065736753338194e-01 -9.602128600000000347e+01 -5.128791926155134018e-01 2.015441791450043874e-01 8.344668223691253939e-01 1.090023779999999931e+02
8.242602128369884706e-01 4.998036158221060704e-02 5.640009441393106782e-01 4.397018739999999752e+02 6.479867470736050405e-02 9.812252534463569154e-01 -1.816538845037510841e-01 -9.815358799999999917e+01 -5.624910961873904602e-01 1.862765832176550007e-01 8.055462750548002537e-01 1.178209729999999951e+02
8.038639728461799416e-01 4.838790986087655732e-02 5.928417354903849912e-01 4.442158729999999878e+02 6.890354600106274319e-02 9.824004390489601279e-01 -1.736135902079379567e-01 -9.967910799999999938e+01 -5.908087799859065292e-01 1.804106081573532971e-01 7.863822212867344064e-01 1.241124449999999939e+02
7.848523915670656548e-01 3.640987024544765915e-02 6.186121925731558058e-01 4.512758479999999963e+02 8.451641023663597485e-02 9.826548282795669609e-01 -1.650650322132686254e-01 -1.018117579999999975e+02 -6.138922542695666174e-01 1.818345671415763087e-01 7.681617605298154405e-01 1.330771269999999902e+02
7.778301155959097546e-01 3.016094898615569175e-02 6.277504507591437077e-01 4.575663440000000151e+02 9.258077428781612273e-02 9.824517895305791004e-01 -1.619175144338348971e-01 -1.036258040000000022e+02 -6.216181396197525411e-01 1.840619417598793328e-01 7.613882650075851632e-01 1.408347909999999956e+02
7.722578512729689759e-01 4.225487945766309705e-02 6.339024659277445739e-01 4.636165639999999826e+02 7.933463835916909623e-02 9.835614047888903144e-01 -1.622127558674855974e-01 -1.053557679999999976e+02 -6.303362803327101638e-01 1.755604971846542461e-01 7.562107414766072733e-01 1.481900329999999997e+02
