9.999997633885164827e-01 -6.211651230989941258e-04 -2.955956712254696880e-04 -1.397790000000000046e-04 6.216663515669255220e-04 9.999983641506261511e-01 1.698595601992003131e-03 -8.079339999999999525e-04 2.945400793292692098e-04 -1.698778961967247576e-03 9.999985136969854471e-01 5.001507699999999806e-02
9.999981597265914512e-01 -1.750289338773428939e-03 -7.855129923399049472e-04 -2.239289999999999900e-04 1.751671637772725474e-03 9.999969125869356823e-01 1.762516119061978588e-03 -1.570294999999999981e-03 7.824256539642196950e-04 -1.763888836380216301e-03 9.999981382514013806e-01 9.995695200000000169e-02
9.999941874759930016e-01 -3.307144548814222942e-03 -8.293426082989634488e-04 -3.995040000000000158e-04 3.307813400448966247e-03 9.999942040171221347e-01 8.064134610107085224e-04 -2.337860000000000198e-03 8.266708755617339531e-04 -8.091520843064013181e-04 9.999993309438601763e-01 1.497915830000000059e-01
9.999919741457538036e-01 -3.921212433461801483e-03 -8.220323166744241978e-04 -5.021649999999999465e-04 3.922023008175481301e-03 9.999918219670770325e-01 9.867798583961394539e-04 -3.145714999999999883e-03 8.181562206172421445e-04 -9.899959683042840013e-04 9.999991752638506259e-01 1.992573739999999871e-01
9.999903889977379556e-01 -4.265788147381047862e-03 -1.012404876690431357e-03 -4.961930000000000247e-04 4.267659909665162676e-03 9.999891749611599101e-01 1.853925401450412166e-03 -3.980588000000000182e-03 1.004485464364683264e-03 -1.858228183073786562e-03 9.999977689959970162e-01 2.496197219999999883e-01
9.999845029391807305e-01 -5.544690388283889972e-03 -5.002898937602305455e-04 -9.980419999999999830e-04 5.546177852129729850e-03 9.999800520432191586e-01 3.022486868990171497e-03 -4.599757000000000325e-03 4.835211601078478723e-04 -3.025214726055754175e-03 9.999953071305629493e-01 3.000452820000000242e-01
9.999864749865996494e-01 -5.143535247041386774e-03 -7.706419642939968352e-04 -1.191660999999999892e-03 5.146134896033447217e-03 9.999809436400513007e-01 3.410227614734616993e-03 -5.244139000000000092e-03 7.530866527265123048e-04 -3.414147318865230849e-03 9.999938882106123028e-01 3.507026429999999806e-01
9.999900419743130708e-01 -4.350725952889550850e-03 -9.935471274376155883e-04 -1.490479999999999973e-03 4.352397410039542287e-03 9.999891062976040690e-01 1.686393460610876487e-03 -6.052309999999999982e-03 9.861992682350302110e-04 -1.690700979405688987e-03 9.999980844687661463e-01 4.011913540000000000e-01
9.999977733924092504e-01 -1.661434191821288065e-03 -1.301094404707725050e-03 -1.769710000000000076e-03 1.660683813588403500e-03 9.999984542544958499e-01 -5.775966501110896267e-04 -6.726209999999999828e-03 1.302052032370474731e-03 5.754346576121555871e-04 9.999989867672166577e-01 4.516911209999999732e-01
9.999979808467495124e-01 1.728103237403706650e-03 -1.025651804901351986e-03 -2.344253000000000135e-03 -1.729578159586662089e-03 9.999974690693891333e-01 -1.438893396299091750e-03 -7.607894999999999935e-03 1.023162652711379506e-03 1.440664435913911658e-03 9.999984388108659195e-01 5.020173190000000174e-01
9.999910203237074580e-01 4.115816151903605585e-03 -1.009618420115618613e-03 -2.736834000000000055e-03 -4.117267213440191712e-03 9.999904880819665554e-01 -1.439394415477238641e-03 -8.534678999999999877e-03 1.003684533923780318e-03 1.443538359000557866e-03 9.999984544059867808e-01 5.530833010000000272e-01
9.999848809036649966e-01 5.383168524968198927e-03 -1.122256973586668611e-03 -2.816795999999999883e-03 -5.383870101894400705e-03 9.999853127570992317e-01 -6.230672614513728565e-04 -9.257697999999999969e-03 1.118886414655117460e-03 6.290999270041595665e-04 9.999991761628971298e-01 6.043488380000000548e-01
9.999965114838000879e-01 2.616394383809525579e-03 -3.626301950299919553e-04 -3.251388999999999928e-03 -2.615614012104811124e-03 9.999942980198222031e-01 2.135998872324007796e-03 -1.014771100000000023e-02 3.682167427731800253e-04 -2.135042920238006212e-03 9.999976530013252596e-01 6.555277109999999574e-01
9.999992534850146164e-01 -1.218051892540784713e-03 -9.684523942196197747e-05 -3.555689999999999806e-03 1.218383924400351370e-03 9.999931127442627243e-01 3.505710292221307905e-03 -1.066655499999999944e-02 9.257443536789127273e-05 -3.505825669838906738e-03 9.999938502892637970e-01 7.075802679999999567e-01
9.999911728951891288e-01 -4.180429890012447684e-03 -4.220635480228671858e-04 -3.465211000000000159e-03 4.181073203684246113e-03 9.999900811354768271e-01 1.535010595371276215e-03 -1.140999200000000074e-02 4.156423574573382814e-04 -1.536761724262755658e-03 9.999987328016138877e-01 7.576971649999999503e-01
9.999876447047093553e-01 -4.959244761813264187e-03 -3.410708435795005368e-04 -3.455891999999999905e-03 4.959044450141370484e-03 9.999875323616561618e-01 -5.856614953915143928e-04 -1.211115700000000087e-02 3.439710299347892839e-04 5.839628738968404616e-04 9.999997703356199308e-01 8.096554280000000103e-01
9.999968845152383823e-01 -2.489504331704516307e-03 1.825595777130824217e-04 -3.804343999999999868e-03 2.489912613437761033e-03 9.999943205519153944e-01 -2.271387041111045269e-03 -1.292702199999999982e-02 -1.769039129976149934e-04 2.271834522034583016e-03 9.999974037330847665e-01 8.604537840000000548e-01
9.999999632603512323e-01 2.690198913101363019e-06 2.710572983076171643e-04 -4.060643000000000065e-03 -2.549800639185202500e-06 9.999998658532265328e-01 -5.179643108303310815e-04 -1.362513800000000018e-02 -2.710586553731812536e-04 5.179636006584317125e-04 9.999998291204422740e-01 9.125128390000000200e-01
9.999992695308607127e-01 3.357794658707305814e-04 1.161115797538195965e-03 -4.349430999999999957e-03 -3.400512867233295008e-04 9.999931679150394492e-01 3.680827130703468678e-03 -1.469872300000000034e-02 -1.159871918528507847e-03 -3.681219280893830662e-03 9.999925516331302777e-01 9.640121459999999587e-01
9.999967987573851191e-01 -1.438521634264870123e-03 2.081617277412168340e-03 -4.786018000000000390e-03 1.428307516022727774e-03 9.999869748158866090e-01 4.900013899083721473e-03 -1.496910100000000028e-02 -2.088638939965907059e-03 -4.897025023347603527e-03 9.999858282662306141e-01 1.016892432999999984e+00
9.999808426897165425e-01 -6.056750504414183667e-03 1.276725065048643160e-03 -4.336328000000000404e-03 6.052112171997180504e-03 9.999751837656111197e-01 3.606076980579412533e-03 -1.567785099999999959e-02 -1.298534490111259579e-03 -3.598281014537314977e-03 9.999926830641904241e-01 1.067906140999999920e+00
9.999797420606907350e-01 -6.257285967532778305e-03 1.166979243560632229e-03 -4.442340000000000351e-03 6.255820014666652919e-03 9.999796438319684677e-01 1.255642319108676071e-03 -1.619423000000000043e-02 -1.174812401398660092e-03 -1.248316470274214284e-03 9.999985307598264761e-01 1.120738864000000001e+00
9.999769015114761128e-01 -6.528583489693712792e-03 1.890513455573117991e-03 -4.602962000000000373e-03 6.531086549596461406e-03 9.999777998487630049e-01 -1.320877779794907064e-03 -1.723935600000000082e-02 -1.881848025023416049e-03 1.333194376516193659e-03 9.999973406168464196e-01 1.172315240000000092e+00
9.999921102770815695e-01 -3.292775730571291786e-03 2.221938697902345848e-03 -4.455032999999999736e-03 3.296437111800687349e-03 9.999932117632164275e-01 -1.646186458137926254e-03 -1.841282299999999830e-02 -2.216503092038994358e-03 1.653497951366810935e-03 9.999961765219743670e-01 1.225546121999999905e+00
9.999924735135891085e-01 -2.733797144869357012e-03 2.753047283386040982e-03 -4.781045000000000260e-03 2.744509991198653114e-03 9.999886481077964184e-01 -3.895037926645939733e-03 -1.922629199999999899e-02 -2.742367787527026125e-03 3.902564376471409895e-03 9.999886246404033896e-01 1.276783227999999992e+00
9.999952424326195022e-01 -1.593756390522564582e-03 2.641032505326437133e-03 -4.702289000000000121e-03 1.603130679720049913e-03 9.999924095474727048e-01 -3.551171562093273504e-03 -2.006875899999999852e-02 -2.635352756323653973e-03 3.555388587390713798e-03 9.999902070159699674e-01 1.330147862000000014e+00
9.999959106555914579e-01 -1.518809899256485336e-03 2.423198007682522259e-03 -4.788767999999999671e-03 1.524437031341864665e-03 9.999961421084915258e-01 -2.322037870328026981e-03 -2.104182400000000064e-02 -2.419661925143601951e-03 2.325722387492630116e-03 9.999943681099131565e-01 1.381919742000000006e+00
9.999964558698581918e-01 3.488820283914586293e-04 2.639418317165881378e-03 -5.619095000000000166e-03 -3.464052908029680651e-04 9.999994993627328022e-01 -9.387638990239135931e-04 -2.185994800000000057e-02 -2.639744513627980717e-03 9.378462634527744536e-04 9.999960760889459177e-01 1.435448526999999919e+00
9.999949427974816896e-01 2.173323671107199768e-03 2.321862115153648393e-03 -5.389038999999999982e-03 -2.172658948178733500e-03 9.999975980788315955e-01 -2.887726830388431701e-04 -2.290999000000000160e-02 -2.322484134731501223e-03 2.837266081559775498e-04 9.999972627795816749e-01 1.487662196000000048e+00
9.999877801975418645e-01 4.330659235651530131e-03 2.384291546218851154e-03 -5.650101999999999729e-03 -4.328821927195207822e-03 9.999903301276099610e-01 -7.752109367275730311e-04 -2.371666999999999872e-02 -2.387625664826576160e-03 7.648802902769644748e-04 9.999968570959741898e-01 1.541104197999999981e+00
9.999740595464092774e-01 6.810452190190330324e-03 2.344776159792787747e-03 -5.744207999999999779e-03 -6.810071550233979046e-03 9.999767966956996101e-01 -1.702812036401986893e-04 -2.468079499999999843e-02 -2.345881445234315309e-03 1.543086930510665148e-04 9.999972365107177019e-01 1.594820142000000107e+00
9.999696196572934737e-01 7.488169052458439751e-03 2.164968057449958606e-03 -6.537305000000000199e-03 -7.487588559050070008e-03 9.999719294960720539e-01 -2.761113421431126151e-04 -2.565972700000000023e-02 -2.166974854112866701e-03 2.598925637282419412e-04 9.999976183350823833e-01 1.648444414000000080e+00
9.999766046945551823e-01 6.654224464010366838e-03 1.584727210547075618e-03 -6.102843999999999630e-03 -6.653985517921255644e-03 9.999778498242190006e-01 -1.560053172041390621e-04 -2.660834600000000147e-02 -1.585730202959052381e-03 1.454569155032560748e-04 9.999987321502008530e-01 1.701498984999999964e+00
9.999814844541065062e-01 6.062222481602863415e-03 5.293463375424897104e-04 -5.782200999999999834e-03 -6.061587509833582695e-03 9.999809167531342746e-01 -1.193015683771934217e-03 -2.716261299999999865e-02 -5.365685623947199492e-04 1.189784915287266055e-03 9.999991482526537911e-01 1.755284309000000098e+00
9.999881701674459000e-01 4.859977383821173329e-03 -2.003621522802413312e-04 -6.278996000000000230e-03 -4.860041835142562584e-03 9.999881379386583724e-01 -3.224520668372894824e-04 -2.847303600000000018e-02 1.987926658199048156e-04 3.234220207255931925e-04 9.999999279398336105e-01 1.808130145000000022e+00
9.999841541552024760e-01 5.508682887380227447e-03 -1.160108335655422483e-03 -6.502772999999999887e-03 -5.507664365809902124e-03 9.999844460884140807e-01 8.793261518124320273e-04 -2.955722400000000000e-02 1.164934220357854858e-03 -8.729227308059355579e-04 9.999989404665228232e-01 1.861709832999999925e+00
9.999819285535324065e-01 5.656744408369808463e-03 -2.035634804289856211e-03 -6.987669999999999645e-03 -5.656168392036180909e-03 9.999839621024309011e-01 2.886122743143390329e-04 -3.011109299999999850e-02 2.037234762856291338e-03 -2.770931654353208360e-04 9.999978864447157667e-01 1.916158079999999986e+00
9.999812381490117419e-01 5.206577125672573469e-03 -3.227213132695113621e-03 -7.575390999999999896e-03 -5.204453722965865503e-03 9.999862349466063227e-01 6.660170839118965047e-04 -3.080680400000000013e-02 3.230636379248431975e-03 -6.492087067953531158e-04 9.999945707435815567e-01 1.968541740999999901e+00
9.999740119131212968e-01 6.113901283539624650e-03 -3.820433152375103236e-03 -8.127294000000000185e-03 -6.108500121408218762e-03 9.999803292744183780e-01 1.423829516686238653e-03 -3.156903800000000065e-02 3.829063154792569559e-03 -1.400455397705943367e-03 9.999916884654770355e-01 2.023499726999999915e+00
9.999826919672578640e-01 3.524019972780781038e-03 -4.711374443601709129e-03 -8.561574000000000614e-03 -3.509337108012692934e-03 9.999889715372763943e-01 3.121114685910790325e-03 -3.296648700000000265e-02 4.722321354874769138e-03 -3.104526864390940583e-03 9.999840306694750547e-01 2.077490567999999982e+00
9.999828258113598878e-01 2.351634346297885782e-03 -5.368230456008673407e-03 -8.935953999999999425e-03 -2.336981260794907065e-03 9.999935312150811662e-01 2.734236013801637048e-03 -3.342635199999999945e-02 5.374625653401399888e-03 -2.721643601537229035e-03 9.999818528629367265e-01 2.131505012999999948e+00
9.999825673363555989e-01 -3.677904954222780450e-05 -5.904546611952892106e-03 -8.940616000000000188e-03 4.872853554910179508e-05 9.999979512391828917e-01 2.023645958860083045e-03 -3.423529100000000103e-02 5.904460087174173526e-03 -2.023898401230228832e-03 9.999805204034429851e-01 2.186487198000000021e+00
9.999802240754966931e-01 -1.657999345286555268e-03 -6.066506085915443318e-03 -9.543855999999999867e-03 1.673573482031854350e-03 9.999953149312761358e-01 2.563058192497963753e-03 -3.514697399999999750e-02 6.062228115112423300e-03 -2.573160249366624255e-03 9.999783138831619400e-01 2.238927603000000044e+00
9.999863947984901635e-01 -2.918218525743245580e-04 -5.208172224929441887e-03 -1.040602699999999999e-02 3.053596392574171306e-04 9.999965766741776285e-01 2.598729577368056719e-03 -3.584682200000000041e-02 5.207396029579369756e-03 -2.600284586720281749e-03 9.999830606298585334e-01 2.292402983000000116e+00
9.999794869406697373e-01 -4.037693952166269626e-03 -4.972195231835133990e-03 -1.063926700000000086e-02 4.056598135994597329e-03 9.999845603142376582e-01 3.797781550291687291e-03 -3.638121500000000147e-02 4.956784183105945006e-03 -3.817873844082686832e-03 9.999804268733827328e-01 2.347115517000000207e+00
9.999823034793839938e-01 -4.210582486943190671e-03 -4.202823239880729492e-03 -1.139520699999999921e-02 4.224672364475411286e-03 9.999854672273421619e-01 3.349250293254234494e-03 -3.734335999999999905e-02 4.188659866576897872e-03 -3.366946574371671320e-03 9.999855592953766914e-01 2.400418757999999819e+00
9.999581710702303283e-01 -8.032405911636874771e-03 -4.374535992626574395e-03 -1.129457700000000009e-02 8.043880136965711122e-03 9.999642368401664427e-01 2.611710743089942603e-03 -3.804354699999999700e-02 4.353401224584391681e-03 -2.646789741204221350e-03 9.999870211166961287e-01 2.454754113999999987e+00
9.999626995396350138e-01 -7.463878168370828743e-03 -4.346268755292345513e-03 -1.114693299999999949e-02 7.472211495232374510e-03 9.999702694434692285e-01 1.904280579652315461e-03 -3.871797800000000012e-02 4.331926220058498166e-03 -1.936685788464695282e-03 9.999887417683164248e-01 2.509670019000000085e+00
9.999732449791688405e-01 -6.444627726759992979e-03 -3.460650126019841708e-03 -1.184983499999999954e-02 6.452026734087525604e-03 9.999769145112926694e-01 2.131148867958670892e-03 -3.969160099999999997e-02 3.446835774136138095e-03 -2.153420056156717371e-03 9.999917410184985256e-01 2.562066077999999969e+00
9.999931571457040258e-01 -2.793647176593232022e-03 -2.425117980621400559e-03 -1.354008400000000084e-02 2.800361931093245382e-03 9.999922428651752959e-01 2.769870489939171062e-03 -4.031202600000000080e-02 2.417361127780512115e-03 -2.776642744190331493e-03 9.999932232871625581e-01 2.617550610999999972e+00
9.999974567739873255e-01 1.821594803096809054e-04 -2.247946503151249630e-03 -1.302751899999999956e-02 -1.717913481399689158e-04 9.999893517613249738e-01 4.611599689664228584e-03 -4.117832300000000278e-02 2.248762613083220979e-03 -4.611201783563614702e-03 9.999868398558158233e-01 2.668856858999999915e+00
9.999841743396032934e-01 5.501685915098552572e-03 -1.175807141339077228e-03 -1.410607399999999970e-02 -5.495719917890710092e-03 9.999723062444301203e-01 5.018347016691048976e-03 -4.233009699999999709e-02 1.203383947922313704e-03 -5.011805691309155139e-03 9.999867167471708784e-01 2.721815585999999954e+00
9.999566532954593523e-01 9.302522787790963241e-03 -3.931919725678784290e-04 -1.497188999999999985e-02 -9.300509035993503523e-03 9.999450078321683311e-01 4.845806764242362348e-03 -4.321543900000000132e-02 4.382485779385289796e-04 -4.841939828994543983e-03 9.999881817086022640e-01 2.773494959000000204e+00
9.999292456648023464e-01 1.189419012026498787e-02 1.786213940265525795e-04 -1.515927899999999946e-02 -1.189475800661553631e-02 9.999227270853856542e-01 3.613113628071784947e-03 -4.329590500000000258e-02 -1.356325310124174464e-04 -3.614982642875787418e-03 9.999934567307469102e-01 2.826505184000000170e+00
9.999034248515747958e-01 1.386145635692758761e-02 1.000498753639925695e-03 -1.614978900000000120e-02 -1.386532690935385857e-02 9.998959852474342824e-01 3.971321664067675727e-03 -4.449506500000000031e-02 -9.453463850838284433e-04 -3.984810375380143724e-03 9.999916137680777695e-01 2.878890752999999858e+00
9.999156173284210469e-01 1.293084674755937309e-02 1.245562167725880682e-03 -1.669537600000000135e-02 -1.293628709813488854e-02 9.999063603467923667e-01 4.463520375813274065e-03 -4.502623499999999779e-02 -1.187728435782196010e-03 -4.479256681839593503e-03 9.999892627227259245e-01 2.932746648999999817e+00
9.999104105700945544e-01 1.325454048497062831e-02 1.867616148247713695e-03 -1.716342900000000088e-02 -1.326198332785797490e-02 9.999039314667783618e-01 4.030835582338847256e-03 -4.636105900000000307e-02 -1.814009855689359971e-03 -4.055242756297882528e-03 9.999901321385281650e-01 2.983647584999999935e+00
9.999231157822677796e-01 1.223875323016150249e-02 1.993851462043404448e-03 -1.818135200000000132e-02 -1.224448622404312320e-02 9.999208600980710182e-01 2.888961377903490405e-03 -4.695085400000000020e-02 -1.958336383438609180e-03 -2.913152949127670137e-03 9.999938392102745155e-01 3.037003278999999889e+00
9.999422540828092343e-01 1.069648106124651207e-02 1.036239690869817081e-03 -1.708217899999999942e-02 -1.069988464157696842e-02 9.999371876194118602e-01 3.336657674696531968e-03 -4.770118699999999906e-02 -1.000484106562719421e-03 -3.347552641492085312e-03 9.999938964428057853e-01 3.087299824000000026e+00
9.999378678591149816e-01 1.106817230913208390e-02 1.325135126178457511e-03 -1.772323599999999985e-02 -1.107221774905204313e-02 9.999339407770089228e-01 3.085462085161375535e-03 -4.842263499999999860e-02 -1.290897162769803980e-03 -3.099942563460370438e-03 9.999943619544154894e-01 3.140016079000000015e+00
9.999447694161314182e-01 1.050989995961411697e-02 1.096169437288208140e-05 -1.742162599999999908e-02 -1.050988792287139983e-02 9.999406193962441236e-01 2.880961177156377267e-03 -4.934240499999999890e-02 1.931757029859361251e-05 -2.880917266167763811e-03 9.999958499626571129e-01 3.191457032999999832e+00
9.999437924400883526e-01 1.051174808636200220e-02 -1.383875970745830197e-03 -1.651925599999999952e-02 -1.050668628013234907e-02 9.999382668557080800e-01 3.615524998346378392e-03 -5.064288900000000343e-02 1.421796027713407434e-03 -3.600781827833181726e-03 9.999925064050649848e-01 3.243792294999999992e+00
9.999470537678127879e-01 1.016367990452960758e-02 -1.609121458806918271e-03 -1.837164200000000053e-02 -1.015707804055990433e-02 9.999401768592077744e-01 4.059121635808418671e-03 -5.089207700000000084e-02 1.650280809107243724e-03 -4.042562748377971985e-03 9.999904670843999810e-01 3.295027971000000111e+00
9.999557427713001712e-01 8.855018183993194902e-03 -3.178230900764623685e-03 -1.801696800000000126e-02 -8.839856639623930312e-03 9.999496307670731055e-01 4.753195071233666524e-03 -5.178378899999999674e-02 3.220160444499928307e-03 -4.724889602461961741e-03 9.999836528588635920e-01 3.347094058999999788e+00
9.999735278189360033e-01 5.942219111567565402e-03 -4.199249145012450349e-03 -1.897596600000000036e-02 -5.919162191013447628e-03 9.999674551446392501e-01 5.481986000573252707e-03 -5.243070799999999948e-02 4.231687643038354804e-03 -5.456984843677452346e-03 9.999761567838043597e-01 3.399124621999999984e+00
9.999812370207995516e-01 3.840247137646894508e-03 -4.772641645173547609e-03 -1.863305100000000117e-02 -3.816060314659083103e-03 9.999798833108536344e-01 5.066621881126021423e-03 -5.302021700000000143e-02 4.792002715601697757e-03 -5.048314127826813297e-03 9.999757753238027735e-01 3.449311256000000103e+00
9.999829108388541554e-01 1.908713430532683972e-03 -5.525834171636478769e-03 -1.986447200000000107e-02 -1.880045652246041792e-03 9.999847722844588116e-01 5.188509183237838100e-03 -5.400077999999999823e-02 5.535653402968072727e-03 -5.178031695458881929e-03 9.999712718519283561e-01 3.501337289999999935e+00
9.999822052022059315e-01 8.023796490561228498e-04 -5.911469007977109349e-03 -2.031497999999999984e-02 -7.725243174369652958e-04 9.999869454106204980e-01 5.050961741665296531e-03 -5.473182399999999836e-02 5.915444625086254196e-03 -5.046305107262000558e-03 9.999697707029208127e-01 3.552028417999999910e+00
9.999814552172221482e-01 9.044840943488387415e-04 -6.022551798841381185e-03 -2.068988600000000108e-02 -8.797478580264232999e-04 9.999911724741685770e-01 4.108651535947793580e-03 -5.528129999999999850e-02 6.026214844573293469e-03 -4.103277014852665765e-03 9.999734235730399767e-01 3.603082656999999855e+00
9.999826597146054263e-01 6.282418103693524370e-04 -5.855389169922200349e-03 -2.130447699999999875e-02 -6.071188239782710546e-04 9.999933049609667224e-01 3.608523240410934849e-03 -5.609567499999999762e-02 5.857616993036468545e-03 -3.604905750601314872e-03 9.999763462090951460e-01 3.653976440000000103e+00
9.999833269560182147e-01 5.634314198073740645e-04 -5.747030103306825094e-03 -2.173589899999999950e-02 -5.451265407754178789e-04 9.999947755600158139e-01 3.186171641344289970e-03 -5.707336600000000038e-02 5.748795267504595852e-03 -3.182985659524432617e-03 9.999784097445622022e-01 3.705133200000000127e+00
9.999842165262472493e-01 1.116662506450116039e-03 -5.506338459839507128e-03 -2.256201600000000071e-02 -1.096925189187616641e-03 9.999929679720300779e-01 3.586190404835567364e-03 -5.786673700000000142e-02 5.510304303479517281e-03 -3.580093760936649099e-03 9.999784095044982335e-01 3.756199597999999806e+00
9.999839307462510263e-01 1.643466909793021629e-03 -5.425612020165183555e-03 -2.284621800000000147e-02 -1.616541979250447425e-03 9.999863765164657137e-01 4.963222088377421473e-03 -5.852071899999999882e-02 5.433694995697365901e-03 -4.954371603508547772e-03 9.999729642148872388e-01 3.806526660999999923e+00
9.999802713454009062e-01 3.362655318771417667e-03 -5.305607334268800518e-03 -2.337448300000000145e-02 -3.328505456313727521e-03 9.999737728450225349e-01 6.432314786953817823e-03 -5.938146300000000238e-02 5.327097840813357563e-03 -6.414528143075940922e-03 9.999652373244262149e-01 3.857719421000000093e+00
9.999833680077169218e-01 2.608095165580880115e-03 -5.144078882586056167e-03 -2.402683200000000144e-02 -2.583957041996464907e-03 9.999856470710111189e-01 4.693486761064559649e-03 -5.994254400000000038e-02 5.156246110118391582e-03 -4.680116620175725668e-03 9.999757545233151079e-01 3.907048463999999832e+00
9.999863128296764270e-01 2.376050973312240043e-03 -4.661387677584769886e-03 -2.485324599999999898e-02 -2.363728663329989731e-03 9.999937024975767974e-01 2.647215894880441088e-03 -6.092406799999999789e-02 4.667648242388172837e-03 -2.636161406321203826e-03 9.999856317532392902e-01 3.955585956999999819e+00
9.999827696665221088e-01 2.547240419092123946e-03 -5.288850188719929762e-03 -2.513792000000000110e-02 -2.542124994464059484e-03 9.999962947411628056e-01 9.737065563648820803e-04 -6.154419900000000082e-02 5.291310856857737999e-03 -9.602448608194854261e-04 9.999855398750641111e-01 4.007844448000000170e+00
9.999892364616320695e-01 3.154150312013125854e-05 -4.639608390349408973e-03 -2.607998400000000050e-02 -2.016231960841542481e-05 9.999969920619923291e-01 2.452643563280023330e-03 -6.235080999999999957e-02 4.639671794759594667e-03 -2.452523618889703230e-03 9.999862291919502377e-01 4.057663918000000258e+00
9.999875921590255512e-01 -2.253317273333454735e-03 -4.442756943620117770e-03 -2.626055100000000003e-02 2.273213526025896509e-03 9.999873881142347098e-01 4.478405155412683129e-03 -6.330861899999999653e-02 4.432609644383384874e-03 -4.488448923250777829e-03 9.999801027010506438e-01 4.107898235000000398e+00
9.999881504718329817e-01 -3.381810125734371550e-03 -3.501753303161984042e-03 -2.653093600000000149e-02 3.398331004099848160e-03 9.999830734178791758e-01 4.722734813557557393e-03 -6.398092199999999563e-02 3.485722638033483811e-03 -4.734578968197202670e-03 9.999827166004843226e-01 4.158330916999999793e+00
9.999834741539487259e-01 -4.968024639705023900e-03 -2.893121182759804486e-03 -2.716722699999999865e-02 4.978573998907913876e-03 9.999809431134729643e-01 3.650645261660643778e-03 -6.465915599999999541e-02 2.874929553266963086e-03 -3.664988549555239956e-03 9.999891512606501331e-01 4.207965850999999979e+00
9.999945057027940232e-01 -2.630493298606068932e-03 -2.017193404387390351e-03 -2.801657499999999842e-02 2.633737614302077666e-03 9.999952398902248740e-01 1.607365257394468075e-03 -6.544968499999999356e-02 2.012955638787359246e-03 -1.612669184196482454e-03 9.999966736483170138e-01 4.257904052999999855e+00
9.999985928415571212e-01 -8.412245185025862522e-04 -1.451432470068622594e-03 -2.766746499999999873e-02 8.404268726406824994e-04 9.999994955471507296e-01 -5.500800995103706384e-04 -6.632917400000000463e-02 1.451894478756225867e-03 5.488595026088453422e-04 9.999987953771090066e-01 4.308126449999999608e+00
9.999977689975407813e-01 2.099748476883983930e-03 2.303394772599582296e-04 -2.814329200000000031e-02 -2.099604936148140484e-03 9.999976026010021224e-01 -6.216521215925142592e-04 -6.699196200000000212e-02 -2.316442381397918555e-04 6.211671127816575455e-04 9.999997802461583207e-01 4.356288432999999571e+00
9.999955195655476636e-01 2.764949287315684751e-03 1.147128706375155930e-03 -2.789952000000000057e-02 -2.766231839769691791e-03 9.999955490328340524e-01 1.117978501396779505e-03 -6.751581299999999397e-02 -1.144032446682277443e-03 -1.121146716319273810e-03 9.999987171090778393e-01 4.407815933000000186e+00
9.999919102370956603e-01 2.916949828580588100e-03 2.769632477798504924e-03 -2.889361999999999833e-02 -2.926669372932207483e-03 9.999895509394102211e-01 3.511782792033274654e-03 -6.865660099999999766e-02 -2.759359843527699370e-03 -3.519860181090166823e-03 9.999899982087618877e-01 4.455537795999999773e+00
9.999907641415725079e-01 2.485907576905589146e-03 3.505979901951279936e-03 -2.891373300000000049e-02 -2.498640833361496019e-03 9.999902819971130397e-01 3.632176388926528984e-03 -6.893381499999999551e-02 -3.496916576022580849e-03 -3.640903027203577953e-03 9.999872576186192852e-01 4.505693912999999995e+00
9.999849300418840459e-01 2.991011309510070802e-03 4.603644260233519248e-03 -2.890928800000000173e-02 -3.005482687558854327e-03 9.999905544464111617e-01 3.139759827454425070e-03 -6.977540999999999605e-02 -4.594209719111893436e-03 -3.153548684529142512e-03 9.999844740633482276e-01 4.555672169000000160e+00
9.999758721016366314e-01 4.646074819296163935e-03 5.164223401898739019e-03 -2.867425200000000077e-02 -4.661394938689847334e-03 9.999847591612660569e-01 2.958520307587841121e-03 -7.055269200000000018e-02 -5.150399188099223646e-03 -2.982521409538428040e-03 9.999822888202795079e-01 4.605763911999999571e+00
9.999522140940237946e-01 6.802344403865870533e-03 7.021227746692855660e-03 -2.891105799999999990e-02 -6.820277591703490482e-03 9.999735325937354480e-01 2.533362504179962043e-03 -7.129841300000000492e-02 -7.003809108752335859e-03 -2.581128167424549726e-03 9.999721418296368958e-01 4.654534339999999659e+00
9.999364883222033873e-01 7.845408834792176253e-03 8.091284327904992024e-03 -2.881824599999999875e-02 -7.854898913929821494e-03 9.999684979713446831e-01 1.141765293151691171e-03 -7.196699800000000424e-02 -8.082071820516085331e-03 -1.205248998201831432e-03 9.999666131876305819e-01 4.704383372999999757e+00
9.999113923491952383e-01 9.430226820704800880e-03 9.395651781742210551e-03 -2.902189999999999978e-02 -9.435727156304663313e-03 9.999553360502684285e-01 5.412556018163935207e-04 -7.280288599999999721e-02 -9.390127971730229117e-03 -6.298624490971989039e-04 9.999557134043336459e-01 4.753640175000000134e+00
9.999052466679581030e-01 8.760266788953507619e-03 1.061863511361557655e-02 -2.877507699999999960e-02 -8.759394757651977823e-03 9.999616274928619930e-01 -1.286285597898616706e-04 -7.320980700000000174e-02 -1.061935447046432127e-02 3.560355505760237665e-05 9.999436124317298002e-01 4.804619311999999809e+00
9.999073275861970478e-01 7.802615019789830957e-03 1.115595976519009706e-02 -2.855658900000000028e-02 -7.820130311035428106e-03 9.999682559859792708e-01 1.527279371082960026e-03 -7.412000000000000532e-02 -1.114368885728666929e-02 -1.614378893525545084e-03 9.999366039801923511e-01 4.853159903999999969e+00
9.999116838230994730e-01 6.154858602366554236e-03 1.177889084926506645e-02 -2.772573799999999977e-02 -6.185118525598254889e-03 9.999776605816835806e-01 2.534294064937617219e-03 -7.499051099999999581e-02 -1.176302949406857375e-02 -2.606924081777449442e-03 9.999274149076790019e-01 4.902615070000000408e+00
9.999094538907353780e-01 5.792883711991302260e-03 1.214604949070521508e-02 -2.735652800000000148e-02 -5.828365010302150907e-03 9.999788449842984539e-01 2.887861695979320430e-03 -7.602023300000000650e-02 -1.212906349385640611e-02 -2.958391821203680029e-03 9.999220638312739107e-01 4.952587604999999726e+00
9.999153464042658257e-01 3.799848683374384625e-03 1.244432301173968927e-02 -2.710022000000000125e-02 -3.838636613212485435e-03 9.999878443438621201e-01 3.094516677501683941e-03 -7.696561500000000111e-02 -1.243241304770560662e-02 -3.142023949477380697e-03 9.999177780154286932e-01 5.002070903999999985e+00
9.999255141982302808e-01 2.579894640678359868e-03 1.192938385030048280e-02 -2.656526099999999974e-02 -2.622280295825190569e-03 9.999903003261800816e-01 3.538770917491499551e-03 -7.736294000000000504e-02 -1.192013848304363487e-02 -3.569789517514409226e-03 9.999225804537797968e-01 5.052869796999999608e+00
9.999329412245190341e-01 5.578589159168938130e-04 1.156727485246192288e-02 -2.648308099999999859e-02 -5.986759364276265320e-04 9.999936061939166398e-01 3.525501157135275173e-03 -7.826753699999999814e-02 -1.156523416129602230e-02 -3.532189790448934854e-03 9.999268818239054335e-01 5.102899551000000145e+00
9.999480970434408977e-01 -4.957204033297268799e-04 1.017631959418495435e-02 -2.592229100000000008e-02 4.653340895102927601e-04 9.999954272513932318e-01 2.988133278268881050e-03 -7.875123600000000224e-02 -1.017775433906761492e-02 -2.983242796904220662e-03 9.999437552077757863e-01 5.152664184999999897e+00
9.999604108726755092e-01 -1.922853741513359371e-03 8.687883564983163096e-03 -2.551538100000000017e-02 1.891386361001206901e-03 9.999916273796343180e-01 3.628750234440156121e-03 -7.947680399999999812e-02 -8.694788380597602215e-03 -3.612174430904320586e-03 9.999556754431154770e-01 5.202995776999999933e+00
9.999625908952314290e-01 -2.992018224658120600e-03 8.115703114292749029e-03 -2.530182200000000159e-02 2.959570104282963684e-03 9.999875913409833617e-01 4.007257023986247196e-03 -8.032037300000000046e-02 -8.127592195346778139e-03 -3.983088123776104897e-03 9.999590377881008019e-01 5.252663135999999788e+00
9.999675569950234877e-01 -3.218567758595306232e-03 7.384157297062063016e-03 -2.583952999999999944e-02 3.187590248895214463e-03 9.999860866309723262e-01 4.203071838377896684e-03 -8.113391699999999984e-02 -7.397582430062693559e-03 -4.179397810300904993e-03 9.999639035525901276e-01 5.301551341999999778e+00
9.999761786224329319e-01 -3.442169541192451228e-03 5.982779999782194234e-03 -2.530148600000000150e-02 3.421607619267318101e-03 9.999882167137778000e-01 3.443694948491985222e-03 -8.172922600000000204e-02 -5.994563284833910426e-03 -3.423142189302736359e-03 9.999761733704337630e-01 5.351493359000000005e+00
9.999825047474588668e-01 -3.129668259219440564e-03 5.019499535360068959e-03 -2.513372200000000070e-02 3.113668649086199711e-03 9.999900575909161926e-01 3.192144554966421834e-03 -8.258035800000000648e-02 -5.029439982934811801e-03 -3.176459649253931400e-03 9.999823072622608944e-01 5.400252341999999928e+00
9.999731429627364276e-01 -6.235712074395919138e-03 3.850876283649824153e-03 -2.490309099999999873e-02 6.232406923992203293e-03 9.999802001756498138e-01 8.696899454191701299e-04 -8.334814799999999690e-02 -3.856223173069444395e-03 -8.456663601102416654e-04 9.999922071652593836e-01 5.450078964000000248e+00
9.999324476485496049e-01 -1.128753860631483141e-02 2.773375523018203632e-03 -2.488073699999999999e-02 1.128672055531611262e-02 9.999362547511200239e-01 3.104406696994187393e-04 -8.407459400000000249e-02 -2.776702844549453191e-03 -2.791173841789345461e-04 9.999961059998178081e-01 5.500774859999999933e+00
9.998329260097804649e-01 -1.820305242586777936e-02 1.664015956013182272e-03 -2.429245400000000152e-02 1.819841774294818706e-02 9.998305878626490006e-01 2.759196600982095036e-03 -8.518245100000000625e-02 -1.713959851894440983e-03 -2.728453153497709810e-03 9.999948089290340292e-01 5.550112247000000387e+00
9.996514127367727154e-01 -2.639953730584386829e-02 3.427001777468174091e-04 -2.442428099999999908e-02 2.639792928860252783e-02 9.996432592198625233e-01 4.062465453976873801e-03 -8.543289499999999481e-02 -4.498251309240191816e-04 -4.052002755202964261e-03 9.999916894309789361e-01 5.600107193000000372e+00
9.995558363947807390e-01 -2.978963363659280911e-02 -8.412234708421677644e-04 -2.425957299999999955e-02 2.979041505293655162e-02 9.995557324246283626e-01 9.321738241636743803e-04 -8.684414599999999707e-02 8.130806258229735092e-04 -9.568201828259028990e-04 9.999992116972061806e-01 5.649806023000000010e+00
9.996185964378554445e-01 -2.761452343093789147e-02 -3.158342824617409259e-04 -2.411391599999999913e-02 2.761365650650909193e-02 9.996155912484017136e-01 -2.481069819400871616e-03 -8.725620100000000545e-02 3.842264336611460459e-04 2.471402191144944638e-03 9.999968722657373021e-01 5.699971199000000155e+00
9.997212854882358002e-01 -2.359446154753645428e-02 8.079146186126183416e-04 -2.462604499999999919e-02 2.359804804082652960e-02 9.997101850838702175e-01 -4.762139040040686347e-03 -8.836132300000000550e-02 -6.953203664409229922e-04 4.779876970766094857e-03 9.999883345848251670e-01 5.750093936999999933e+00
9.997035293180704940e-01 -2.428428062574178661e-02 1.768384427677605801e-03 -2.531657699999999983e-02 2.429217336526110979e-02 9.996943752640110592e-01 -4.587633234109130334e-03 -8.954719499999999610e-02 -1.656436592788684522e-03 4.629231036449344555e-03 9.999879131458666581e-01 5.799170494000000176e+00
9.995934465212293896e-01 -2.845071416560299507e-02 1.870437188789341983e-03 -2.442606199999999839e-02 2.845199314872112403e-02 9.995949416999266868e-01 -6.607675728228343433e-04 -9.084865500000000038e-02 -1.850880243336975413e-03 7.137166015479920640e-04 9.999980324235331341e-01 5.850016594000000403e+00
9.994692443673219850e-01 -3.249633679550931187e-02 2.284219491885107825e-03 -2.366551000000000071e-02 3.249404838840973253e-02 9.994713962738733803e-01 1.031915541846572821e-03 -9.093034299999999681e-02 -2.316545519942773447e-03 -9.571443081612265131e-04 9.999968587408798459e-01 5.900760650999999690e+00
9.993164389186635077e-01 -3.690546842194578764e-02 2.154369392176328901e-03 -2.350320900000000060e-02 3.689896620219223350e-02 9.993145470427255983e-01 2.983682624179297312e-03 -9.204956899999999775e-02 -2.263006878173157588e-03 -2.902149091469395994e-03 9.999932281423311586e-01 5.950561999999999685e+00
9.992612072565145720e-01 -3.836026899216399277e-02 2.351475090629529495e-03 -2.343661000000000008e-02 3.835258789970115434e-02 9.992590520131267029e-01 3.228927255754306114e-03 -9.305915200000000609e-02 -2.473595287981809714e-03 -3.136356592621185498e-03 9.999920222650154900e-01 5.999921799000000000e+00
9.993264762370829279e-01 -3.656828009547257591e-02 3.058558881883406862e-03 -2.312372399999999828e-02 3.655612691181910762e-02 9.993238372625424804e-01 3.939272023400666560e-03 -9.413659600000000294e-02 -3.200543201061132291e-03 -3.824809763430910264e-03 9.999875635994137646e-01 6.050020694999999726e+00
9.994862595750637624e-01 -3.166474041440745651e-02 4.955919201959212844e-03 -2.375760899999999898e-02 3.165286587028643545e-02 9.994959039790493049e-01 2.456422459736677753e-03 -9.431652699999999723e-02 -5.031202922345033926e-03 -2.298291450454798077e-03 9.999847023097717669e-01 6.099049091000000367e+00
9.995844318946309759e-01 -2.827331017198150137e-02 5.619915106727908262e-03 -2.392235399999999984e-02 2.827059078649556828e-02 9.996001485628821515e-01 5.627518516447044174e-04 -9.499978300000000431e-02 -5.633578833247409635e-03 -4.036396696867742585e-04 9.999840498050690529e-01 6.150217533000000181e+00
9.996543989090657112e-01 -2.534705364254399504e-02 6.972059480281127437e-03 -2.435463699999999843e-02 2.534983271402000207e-02 9.996785931328473485e-01 -3.105049152210043097e-04 -9.540654699999999433e-02 -6.961948227743587798e-03 4.871381458808872553e-04 9.999756466901087437e-01 6.200994015000000026e+00
9.997015949937178014e-01 -2.349957984361633265e-02 6.670135994874894919e-03 -2.405981299999999934e-02 2.349380903598547246e-02 9.997235383622952165e-01 9.422214988905001226e-04 -9.667281799999999370e-02 -6.690433767497587156e-03 -7.852334339705608571e-04 9.999773104948216362e-01 6.252120494999999778e+00
9.997061611603426101e-01 -2.346301224159166518e-02 6.089203117170373727e-03 -2.371421500000000029e-02 2.345468359163869684e-02 9.997238702989651449e-01 1.435608607597445990e-03 -9.787265200000000442e-02 -6.121205409668281291e-03 -1.292366437591536011e-03 9.999804301251719041e-01 6.301767349000000351e+00
9.997797487988391296e-01 -2.003966919238933317e-02 6.234224120926144114e-03 -2.377785699999999947e-02 2.005007782295340282e-02 9.997976781043121930e-01 -1.611594402971576511e-03 -9.845453499999999580e-02 -6.200666982175999029e-03 1.736236126158840045e-03 9.999792683916454150e-01 6.352171421000000429e+00
9.998353124607222142e-01 -1.746510382600001410e-02 4.931339059220505965e-03 -2.261922499999999975e-02 1.748371798154341877e-02 9.998400890154583998e-01 -3.757126974445092280e-03 -9.938173000000000146e-02 -4.864931871240288537e-03 3.842726363831698144e-03 9.999807827613393929e-01 6.400489806999999587e+00
9.999201296748719825e-01 -1.165358020698779341e-02 4.891660183042226273e-03 -2.337400200000000136e-02 1.167974957489494904e-02 9.999174462442175226e-01 -5.355758238566076142e-03 -1.005856769999999983e-01 -4.828842599919738743e-03 5.412463838357673383e-03 9.999736934111534969e-01 6.454972743999999985e+00
9.999669063871663433e-01 -6.287073536669738824e-03 5.163219618083244450e-03 -2.355903000000000164e-02 6.309352735107305599e-03 9.999708071738893089e-01 -4.310089101668382501e-03 -1.016367380000000042e-01 -5.135971041978973708e-03 4.342523039067686629e-03 9.999773818917661039e-01 6.506214142000000145e+00
9.999768969312109457e-01 -4.303242775516543869e-03 5.261910816535590729e-03 -2.333320700000000164e-02 4.317407541597430634e-03 9.999870791813887383e-01 -2.683554060329430141e-03 -1.022146490000000046e-01 -5.250294843717560195e-03 2.706209875437899474e-03 9.999825552639226567e-01 6.557876586999999979e+00
9.999778895286843827e-01 -3.104803261642478680e-03 5.880531478082693699e-03 -2.420076399999999961e-02 3.106810317171058728e-03 9.999951186741828923e-01 -3.322009331602810323e-04 -1.032572979999999974e-01 -5.879471354751774660e-03 3.504632839076338613e-04 9.999826543456018513e-01 6.609641552000000253e+00
9.999654541921355611e-01 -6.562141611455418917e-03 5.101834943159103304e-03 -2.410344799999999954e-02 6.558496257757792137e-03 9.999782257039000477e-01 7.309205954869615277e-04 -1.036609710000000045e-01 -5.106520258748712369e-03 -6.974349798620988264e-04 9.999867184294478628e-01 6.660315989999999964e+00
9.999533263449351672e-01 -9.422361920905633625e-03 2.136405282535939164e-03 -2.314841200000000015e-02 9.420744901654891368e-03 9.999553306427515498e-01 7.656922641697502026e-04 -1.045966970000000024e-01 -2.143524480318191421e-03 -7.455299973398075118e-04 9.999974247405967187e-01 6.715667725000000310e+00
