9.999336535275752391e-01 -1.087492457058680806e-02 -3.797967690620969883e-03 -2.502800000000000163e-02 1.088468728240904460e-02 9.999374846523660931e-01 2.559369036136848862e-03 7.372000000000000081e-03 3.769897314134204678e-03 -2.600538921650770354e-03 9.999895124807848257e-01 9.385358000000000089e+00
9.999345102297584331e-01 -1.074799419403598029e-02 -3.931395729033596367e-03 -5.297199999999999825e-02 1.076360290265334675e-02 9.999341862479946830e-01 3.970897268227137691e-03 6.452000000000000270e-03 3.888457808346032149e-03 -4.012953197557893315e-03 9.999843879293851545e-01 1.031768100000000032e+01
9.999069628126439069e-01 -1.275767788498036008e-02 -4.827771098229954351e-03 -5.825099999999999723e-02 1.278163868278671227e-02 9.999059836133874501e-01 4.965243873845637604e-03 1.142899999999999992e-02 4.763972226673011089e-03 -5.026488747341854163e-03 9.999760192022087990e-01 1.126020600000000016e+01
9.998977178619810058e-01 -1.306491199379053100e-02 -5.819096922785681365e-03 -5.659100000000000241e-02 1.309433960130440555e-02 9.999015230634697993e-01 5.048014041091022051e-03 2.149099999999999969e-02 5.752572016757080166e-03 -5.123694950702010857e-03 9.999703273923903346e-01 1.217701300000000053e+01
9.998904042942736714e-01 -1.292828413267658495e-02 -7.213797170621975841e-03 -5.113999999999999796e-02 1.295495902628175829e-02 9.999093702897268177e-01 3.663365041774171386e-03 2.493199999999999930e-02 7.165782362132661412e-03 -3.756417999466399576e-03 9.999672699078464566e-01 1.307786600000000021e+01
9.998675021444555222e-01 -1.393085867183397122e-02 -8.420767902784991737e-03 -6.823200000000000098e-02 1.394419692011066372e-02 9.999016084664785753e-01 1.527337029586828352e-03 3.402999999999999775e-02 8.398662254214175199e-03 -1.644555506560695535e-03 9.999633782841876872e-01 1.398072699999999990e+01
9.998282062982868368e-01 -1.547347882301273146e-02 -1.020437864175494438e-02 -7.384699999999999598e-02 1.547719235126592853e-02 9.998801804558304918e-01 2.850412914346853958e-04 3.760499999999999954e-02 1.019874537737085543e-02 -4.429274541996796807e-04 9.999478933464472918e-01 1.489089099999999988e+01
9.998073967460016087e-01 -1.531232843975032128e-02 -1.227607468763445425e-02 -7.906499999999999639e-02 1.531019206841586523e-02 9.998827562265248936e-01 -2.679919325124733025e-04 3.742999999999999799e-02 1.227873897480444981e-02 7.999125508032429489e-05 9.999246102434861116e-01 1.578898799999999980e+01
9.998081702822553263e-01 -1.366970595630375221e-02 -1.402717989892606106e-02 -8.896400000000000141e-02 1.365297504886133634e-02 9.999059644716157269e-01 -1.287822349190753234e-03 3.985500000000000154e-02 1.404346499848991951e-02 1.096062569427075882e-03 9.999007849470266107e-01 1.668422999999999945e+01
9.997926422093752485e-01 -1.234912636165894778e-02 -1.619171584792394869e-02 -1.025090000000000029e-01 1.232958916254228363e-02 9.999231349854753592e-01 -1.305891228956739631e-03 4.067400000000000182e-02 1.620659788725108824e-02 1.105983237995179823e-03 9.998680527879657554e-01 1.758042800000000128e+01
9.997520294248105621e-01 -1.301788529045528296e-02 -1.806694007122929338e-02 -1.149840000000000029e-01 1.301250043051631507e-02 9.999152474709606109e-01 -4.155810792898039343e-04 4.108699999999999852e-02 1.807081883918533124e-02 1.803819619555507717e-04 9.998366931498509080e-01 1.847001799999999960e+01
9.997343662656539287e-01 -1.220903566990803185e-02 -1.954830824962111580e-02 -1.360319999999999863e-01 1.223334593715848240e-02 9.999245375302439065e-01 1.124496380449326559e-03 3.775900000000000090e-02 1.953310406958146117e-02 -1.363338893580353338e-03 9.998082811981845452e-01 1.935444800000000143e+01
9.997079715073834416e-01 -1.211873498193847230e-02 -2.090712718261410197e-02 -1.574510000000000076e-01 1.215547363682926117e-02 9.999247892555918060e-01 1.631040411674488603e-03 4.344900000000000151e-02 2.088578859552134986e-02 -1.884700134691772930e-03 9.997800916902402912e-01 2.024274499999999932e+01
9.996636741357973754e-01 -1.305903506462092502e-02 -2.240536133382459161e-02 -1.801899999999999891e-01 1.309075061132821717e-02 9.999135066420685725e-01 1.269442079741018225e-03 4.960599999999999732e-02 2.238684573025531699e-02 -1.562318131114288087e-03 9.997481624390749388e-01 2.112670400000000015e+01
9.996150500908291825e-01 -1.373165552986177831e-02 -2.410795031350192186e-02 -2.041650000000000131e-01 1.375368657059089506e-02 9.999051335997569678e-01 7.482690493350637861e-04 5.483799999999999786e-02 2.409538830620931715e-02 -1.079554195703770827e-03 9.997090810956513751e-01 2.200181500000000057e+01
9.995842382491105793e-01 -1.314617736183307239e-02 -2.566181335596775040e-02 -2.221440000000000081e-01 1.318706981628233951e-02 9.999120315163603223e-01 1.424927537048939052e-03 5.241699999999999832e-02 2.564082357502957613e-02 -1.762739231018798421e-03 9.996696658980893657e-01 2.287289900000000031e+01
9.995534503956090555e-01 -1.354158828931484836e-02 -2.663691402612720568e-02 -2.485310000000000019e-01 1.363532980487011485e-02 9.999014537463126739e-01 3.340744995188502011e-03 5.631099999999999994e-02 2.658905006473570934e-02 -3.702456294562745092e-03 9.996395921701189957e-01 2.373637300000000039e+01
9.995108515567181495e-01 -1.475093762470669999e-02 -2.757657447102849352e-02 -2.671879999999999811e-01 1.492929008452307908e-02 9.998688751555621090e-01 6.272861605610836888e-03 5.569099999999999745e-02 2.748042790671806346e-02 -6.681491924936968502e-03 9.996000118786118049e-01 2.459086800000000039e+01
9.994973173680792300e-01 -1.436898946293751859e-02 -2.826030282617764469e-02 -2.911810000000000231e-01 1.459514529957269859e-02 9.998629626320545416e-01 7.812662179764123457e-03 6.113299999999999984e-02 2.814417004812248477e-02 -8.221198116135279219e-03 9.995700663754580884e-01 2.543149700000000024e+01
9.994938178753292046e-01 -1.334529397581835433e-02 -2.887925133546948367e-02 -3.169080000000000230e-01 1.354714610528853086e-02 9.998850755742861862e-01 6.805180100917374367e-03 6.341199999999999615e-02 2.878511527508957960e-02 -7.192966877648079502e-03 9.995597422696137491e-01 2.626241800000000026e+01
9.994809501899344362e-01 -1.281117245240600069e-02 -2.955848554680449644e-02 -3.509860000000000202e-01 1.294141733972728470e-02 9.999073545454713052e-01 4.219246747487679673e-03 6.987200000000000355e-02 2.950169358977451292e-02 -4.599585445656269485e-03 9.995541475523290753e-01 2.707942600000000155e+01
9.994565214406745390e-01 -1.300874076268489915e-02 -3.028917980856606074e-02 -3.821689999999999809e-01 1.310766961633138064e-02 9.999093783267970492e-01 3.069874809722127670e-03 6.512300000000000033e-02 3.024649974683828874e-02 -3.465226960463569424e-03 9.995364632944497840e-01 2.788270400000000038e+01
9.994456146792416451e-01 -1.161719736968900261e-02 -3.120102600406533117e-02 -4.128899999999999793e-01 1.169953889108199703e-02 9.999285374682214123e-01 2.457792993677749768e-03 7.163200000000000123e-02 3.117024363345159699e-02 -2.821468046496815665e-03 9.995101076176737820e-01 2.867916200000000160e+01
9.994209612159027367e-01 -1.069723923774740758e-02 -3.230033057062232926e-02 -4.433179999999999898e-01 1.076363566208391083e-02 9.999402985556641310e-01 1.882411151496520907e-03 7.233100000000000640e-02 3.227826559180337063e-02 -2.228990152459236779e-03 9.994764355267637956e-01 2.946161800000000142e+01
9.993539655737517791e-01 -1.036549049363353486e-02 -3.441232481020092132e-02 -4.696640000000000259e-01 1.039116335862567270e-02 9.999458494977222500e-01 5.672709518449773301e-04 7.992200000000000693e-02 3.440458132386924744e-02 -9.244885639339598619e-04 9.994075595595743877e-01 3.023421199999999942e+01
9.992869209262273955e-01 -1.016974391278752804e-02 -3.636242531141000572e-02 -5.004450000000000287e-01 1.019061798313957920e-02 9.999479987339995324e-01 3.887582678209030489e-04 8.872599999999999931e-02 3.635658084723124989e-02 -7.590366377243884218e-04 9.993385927164432081e-01 3.100043099999999896e+01
9.992054708477149383e-01 -1.025671944895537556e-02 -3.851268276998792706e-02 -5.285609999999999475e-01 1.031918591533641065e-02 9.999457425059318227e-01 1.423533036260808422e-03 9.416800000000000170e-02 3.849599238935173806e-02 -1.819821531366136967e-03 9.992570974576827636e-01 3.177142900000000125e+01
9.991152395208120485e-01 -1.053761464514697474e-02 -4.071482328170744625e-02 -5.593519999999999603e-01 1.070563238515256921e-02 9.999350451648427729e-01 3.910867732054242908e-03 9.496200000000000474e-02 4.067096743998420416e-02 -4.343285481526001045e-03 9.991631539837333431e-01 3.252929600000000221e+01
9.990379961229649552e-01 -9.795730124925815241e-03 -4.274489412702256463e-02 -5.939950000000000507e-01 1.003141761540172344e-02 9.999356233870267952e-01 5.302805127817165551e-03 9.751999999999999558e-02 4.269019750757960252e-02 -5.726495692639339830e-03 9.990719465002738664e-01 3.326916500000000099e+01
9.989595272015453498e-01 -8.801816947590719933e-03 -4.474808411190442370e-02 -6.260769999999999946e-01 9.061452894555498475e-03 9.999432486553194721e-01 5.602636886843342066e-03 9.869300000000000295e-02 4.469623121365737251e-02 -6.002290151864591618e-03 9.989825921547522691e-01 3.399733299999999758e+01
9.988940658354885649e-01 -5.975619564446083345e-03 -4.663622207541744114e-02 -6.686499999999999666e-01 6.208976262605185592e-03 9.999689115523966443e-01 4.860508459557607609e-03 1.050389999999999935e-01 4.660572767822694640e-02 -5.144696253039136337e-03 9.989001142496916064e-01 3.472208899999999687e+01
9.988120201810355425e-01 -4.386759966387960598e-03 -4.853148131755390116e-02 -7.044129999999999558e-01 4.602551233635311483e-03 9.999800095144304457e-01 4.335561516267596310e-03 1.025530000000000053e-01 4.851149208198557439e-02 -4.553779585890647616e-03 9.988122437312543234e-01 3.542611300000000085e+01
9.987395682536777120e-01 -3.938476922904202496e-03 -5.003761788879668854e-02 -7.449670000000000458e-01 4.222915538594468332e-03 9.999755147196679461e-01 5.580048878734440027e-03 1.027160000000000017e-01 5.001441580995796138e-02 -5.784320242078505592e-03 9.987317456907663926e-01 3.612254800000000188e+01
9.986628096395412379e-01 -2.735727641936869844e-03 -5.162468825209918372e-02 -7.815839999999999455e-01 3.098287894741949284e-03 9.999710883681851570e-01 6.944281090822007965e-03 1.226229999999999959e-01 5.160419803638634922e-02 -7.094943411768351443e-03 9.986424127399181616e-01 3.683720600000000189e+01
9.986840218952740544e-01 -5.594604840400689994e-05 -5.128568300334203356e-02 -8.314209999999999656e-01 4.358887310600478371e-04 9.999725453188943458e-01 7.397202813620820314e-03 1.279800000000000104e-01 5.128386112700322741e-02 -7.409823107967753938e-03 9.986566277301797134e-01 3.751553200000000032e+01
9.987441841881044002e-01 3.101178303433696579e-03 -5.000437224451553808e-02 -8.744260000000000366e-01 -2.840932848885018274e-03 9.999820532198921974e-01 5.274688490958585017e-03 1.287820000000000076e-01 5.001983257654797621e-02 -5.126005390051496628e-03 9.987350701851593904e-01 3.818546400000000318e+01
9.988274802439439659e-01 4.987757140890242830e-03 -4.815378477583381889e-02 -9.126239999999999908e-01 -4.869345431918411377e-03 9.999848266658252216e-01 2.576026627219320242e-03 1.260370000000000101e-01 4.816590271757066610e-02 -2.338528773178989890e-03 9.988366118132527838e-01 3.883154900000000254e+01
9.989228860895006390e-01 5.579943373935295457e-03 -4.606443181638294332e-02 -9.404420000000000002e-01 -5.561051406625086048e-03 9.999843923684836877e-01 5.382626564473587828e-04 1.330530000000000046e-01 4.606671633484842737e-02 -2.815162129047151180e-04 9.989383256211298301e-01 3.947545499999999663e+01
9.990587331850946384e-01 6.681580307414282729e-03 -4.286028617717450862e-02 -9.708679999999999533e-01 -6.635276432824214685e-03 9.999772390223214957e-01 1.222515421086461680e-03 1.380770000000000053e-01 4.286747897012058162e-02 -9.369748611143756921e-04 9.990803277639169755e-01 4.011496300000000303e+01
9.991549694973140827e-01 1.137520988524505505e-02 -3.949622170395482301e-02 -1.007001000000000035e+00 -1.121195937995839165e-02 9.999276718016847365e-01 4.352370862449678884e-03 1.362480000000000080e-01 3.954287414545751278e-02 -3.905862942905334936e-03 9.992102408097045529e-01 4.075310100000000091e+01
9.992565222097223865e-01 1.537575649254841609e-02 -3.535518255662645215e-02 -1.042699000000000042e+00 -1.510635203694739651e-02 9.998548846486886577e-01 7.874501399663436790e-03 1.351829999999999976e-01 3.547112839291052810e-02 -7.334559048732335919e-03 9.993437863388625608e-01 4.137083200000000005e+01
9.993037783472342728e-01 2.072028153779190487e-02 -3.102625523546628100e-02 -1.066756999999999955e+00 -2.046019719189605748e-02 9.997530154032363559e-01 8.676895931434291248e-03 1.429449999999999887e-01 3.119837995490130217e-02 -8.036051588364293702e-03 9.994809067526295721e-01 4.197202099999999803e+01
9.993799760473335292e-01 2.395961179398090751e-02 -2.579923406445656583e-02 -1.081876999999999978e+00 -2.373255390961899469e-02 9.996771846569475484e-01 9.071513726276783304e-03 1.482499999999999929e-01 2.600825562312692255e-02 -8.453607457217954604e-03 9.996259836360803508e-01 4.256270399999999654e+01
9.994025577726854959e-01 2.817119718916707982e-02 -2.002276620108330019e-02 -1.092684999999999906e+00 -2.795563665098955985e-02 9.995490194374406778e-01 1.096540565089673853e-02 1.558309999999999973e-01 2.032264492756855750e-02 -1.039910527785605811e-02 9.997393903976016238e-01 4.315292900000000031e+01
9.993585240200160147e-01 3.319779007420828321e-02 -1.343306378768392879e-02 -1.104260000000000019e+00 -3.303437306230304349e-02 9.993796348855351619e-01 1.220965079087550816e-02 1.600389999999999868e-01 1.383006380736454509e-02 -1.175806575263710525e-02 9.998352250370262650e-01 4.371743800000000135e+01
9.993087918185076246e-01 3.662700697553232521e-02 -6.356174497986820209e-03 -1.107182000000000111e+00 -3.654696790607811496e-02 9.992564586035568297e-01 1.228206317970515632e-02 1.557749999999999968e-01 6.801303632881539572e-03 -1.204127481176638093e-02 9.999043704123914411e-01 4.424367300000000114e+01
9.992076798606829291e-01 3.979215476485859632e-02 7.726102513437302973e-04 -1.109202000000000021e+00 -3.979861864878526251e-02 9.991334490575893845e-01 1.218281280879076126e-02 1.578130000000000088e-01 -2.871603724436087315e-04 -1.220390894160619868e-02 9.999254882967357760e-01 4.475734500000000082e+01
9.989756169579578904e-01 4.451618137612676357e-02 8.125658075210118528e-03 -1.103170999999999902e+00 -4.461131023795238820e-02 9.989332134603700064e-01 1.192753304720563581e-02 1.549300000000000122e-01 -7.586021508050695347e-03 -1.227781093789940409e-02 9.998958483943478637e-01 4.524436899999999895e+01
9.986934506393685407e-01 4.871499435438147313e-02 1.543505669195142406e-02 -1.094020999999999910e+00 -4.885602801139391632e-02 9.987662170239129944e-01 8.895631438617979808e-03 1.697740000000000082e-01 -1.498266254645902289e-02 -9.638104419148873364e-03 9.998413007903926841e-01 4.570820200000000000e+01
9.984482480155860706e-01 5.057036696290184707e-02 2.331810497969750637e-02 -1.080842000000000080e+00 -5.071779536394931120e-02 9.986963295069632984e-01 5.774656936966759795e-03 1.726560000000000039e-01 -2.299567933389466343e-02 -6.948338978240897225e-03 9.997114180189281551e-01 4.614846800000000115e+01
9.982096231727812796e-01 5.112492591954306137e-02 3.104496988201689567e-02 -1.062931000000000070e+00 -5.132861452575541300e-02 9.986649786845364085e-01 5.799455136549482026e-03 1.693159999999999943e-01 -3.070702747125667043e-02 -7.382567218500240072e-03 9.995011636637266550e-01 4.656885199999999969e+01
9.979761848307814320e-01 5.013803540892020072e-02 3.911153175128650322e-02 -1.049792999999999976e+00 -5.046217798335753124e-02 9.986989684340700224e-01 7.344320383823018175e-03 1.690419999999999978e-01 -3.869241661842764274e-02 -9.303109913257794419e-03 9.992078607788110745e-01 4.697468899999999792e+01
9.975492432835112444e-01 5.190475550686616396e-02 4.691911742847058864e-02 -1.026583000000000023e+00 -5.234218530303427069e-02 9.985960144297900687e-01 8.142211164144678645e-03 1.683870000000000089e-01 -4.643062418487381438e-02 -1.057810572414291141e-02 9.988655068712163354e-01 4.735237000000000052e+01
9.969225794276495023e-01 5.491104109550591639e-02 5.594772732765415646e-02 -1.019134999999999902e+00 -5.548249397126006621e-02 9.984216573331388123e-01 8.711316254013083335e-03 1.552149999999999919e-01 -5.538107519767894449e-02 -1.178862731432300630e-02 9.983956954915185200e-01 4.771833500000000328e+01
9.960589975538536311e-01 6.015297265798173060e-02 6.517739847846273915e-02 -1.014151000000000025e+00 -6.081413103186351227e-02 9.981153743700477143e-01 8.206150923478955361e-03 1.552109999999999879e-01 -6.456093911066931867e-02 -1.213751731400129416e-02 9.978399499992975930e-01 4.805994700000000108e+01
9.952179594745634850e-01 6.369218722329433868e-02 7.405753456603209051e-02 -9.897550000000000514e-01 -6.447644921930067996e-02 9.978851644500750240e-01 8.245366366486844845e-03 1.593910000000000049e-01 -7.337574964085311069e-02 -1.298090355712860564e-02 9.972198832291118142e-01 4.838102700000000311e+01
9.944862605492439389e-01 6.336475642929072227e-02 8.355827440438171050e-02 -9.646789999999999532e-01 -6.434070007337071295e-02 9.978870761625617813e-01 9.036456263504509881e-03 1.583420000000000105e-01 -8.280912928445657850e-02 -1.436282947021012661e-02 9.964619196119637312e-01 4.867011899999999969e+01
9.936034990172614156e-01 6.221416399480259735e-02 9.424162848276153304e-02 -9.317459999999999631e-01 -6.315927150430669657e-02 9.979783726379063413e-01 7.076310482277032264e-03 1.625350000000000128e-01 -9.361086028714997453e-02 -1.298327945567372133e-02 9.955242042717372675e-01 4.893137899999999973e+01
9.925085964399691374e-01 6.080326168423293154e-02 1.059700399231841839e-01 -8.921729999999999938e-01 -6.140277552359117708e-02 9.981101816093782553e-01 2.400942667664577798e-03 1.668449999999999933e-01 -1.056237906475715749e-01 -8.889810810845878014e-03 9.943664244698657839e-01 4.918841700000000117e+01
9.910065632343253439e-01 6.183184719155278980e-02 1.186710339525685332e-01 -8.367700000000000138e-01 -6.214040272237198598e-02 9.980668094338901453e-01 -1.101932827470118812e-03 1.609170000000000045e-01 -1.185097547714644151e-01 -6.282243177026643199e-03 9.929330145808790142e-01 4.943872600000000261e+01
9.889488896942459917e-01 6.343156829729842960e-02 1.340019765371509297e-01 -7.957250000000000156e-01 -6.354818069567833017e-02 9.979729422865956101e-01 -3.411040032688866970e-03 1.651870000000000005e-01 -1.339467144157981682e-01 -5.142237565530632763e-03 9.909751939831955569e-01 4.968815000000000026e+01
9.865329798082457247e-01 6.469199039301556931e-02 1.502252513050100491e-01 -7.538010000000000543e-01 -6.474594881944359392e-02 9.978914659331250547e-01 -4.536995625830359154e-03 1.698050000000000115e-01 -1.502020035223679273e-01 -5.250580618254831362e-03 9.886413857112384962e-01 4.995306999999999675e+01
9.837683740659670661e-01 6.535178663636831420e-02 1.671195086488649895e-01 -6.974690000000000056e-01 -6.533064308781402763e-02 9.978477879879014134e-01 -5.630193725327279491e-03 1.642840000000000134e-01 -1.671277752539538919e-01 -5.379218445708223648e-03 9.859205702020711337e-01 5.020493199999999945e+01
9.805493267834251014e-01 6.440061529384628891e-02 1.854065222540616509e-01 -6.463569999999999593e-01 -6.420942212332396426e-02 9.979116001236907341e-01 -7.041906642665032856e-03 1.712120000000000031e-01 -1.854728224165488049e-01 -4.999908834091577881e-03 9.826366739830598718e-01 5.045848800000000267e+01
9.767299066303389843e-01 6.349321132923418931e-02 2.048592238806700161e-01 -5.816430000000000211e-01 -6.332257033838939453e-02 9.979657114958259134e-01 -7.395320437259680219e-03 1.698659999999999892e-01 -2.049120337599258934e-01 -5.748981973465508086e-03 9.787635095500034632e-01 5.070503099999999819e+01
9.722998072189416030e-01 6.337202690251951542e-02 2.249823795062078913e-01 -5.094530000000000447e-01 -6.302350651765904754e-02 9.979737904033032514e-01 -8.737922767021261139e-03 1.703649999999999887e-01 -2.250802579264285230e-01 -5.683297839299157432e-03 9.743236513692162815e-01 5.094167699999999854e+01
9.670290245644361793e-01 6.546453118796401183e-02 2.461082298629916898e-01 -4.346610000000000196e-01 -6.474855518320417336e-02 9.978408802247715759e-01 -1.100919406408254649e-02 1.692440000000000055e-01 -2.462975644452105040e-01 -5.288942105294290250e-03 9.691798268844458164e-01 5.118937900000000241e+01
9.609200136616621313e-01 6.661975772797237849e-02 2.686904077646563027e-01 -3.452520000000000033e-01 -6.548599134007843103e-02 9.977663036691103438e-01 -1.319045869891743994e-02 1.686920000000000086e-01 -2.689689801495298016e-01 -4.920481962871085801e-03 9.631362710305197972e-01 5.142925499999999772e+01
9.536350930008955507e-01 6.779563533300418665e-02 2.932300483016153092e-01 -2.548779999999999935e-01 -6.651566870304055634e-02 9.976822358501861165e-01 -1.434650082636666248e-02 1.644279999999999908e-01 -2.935230403463426341e-01 -5.823066096817227852e-03 9.559342637896559580e-01 5.167962099999999737e+01
9.452391556413726192e-01 7.069179100918973613e-02 3.186308354919499264e-01 -1.506859999999999866e-01 -6.946484043084760751e-02 9.974681757858042674e-01 -1.522741732720129387e-02 1.579329999999999901e-01 -3.189005716305661764e-01 -7.740089046833400349e-03 9.477565702411380189e-01 5.192539299999999969e+01
9.354247113468288077e-01 7.274909798458675803e-02 3.459597926697999815e-01 -4.318899999999999822e-02 -7.148818204961268630e-02 9.973062523236511101e-01 -1.642190315996724936e-02 1.518019999999999925e-01 -3.462225429242634100e-01 -9.370582617046980048e-03 9.381056139649062153e-01 5.216931399999999996e+01
9.244132814311568636e-01 7.358288863277870351e-02 3.742267275518102454e-01 8.297200000000000408e-02 -7.217385279190574598e-02 9.972332390988785100e-01 -1.779892720169469478e-02 1.418999999999999984e-01 -3.745010281519304818e-01 -1.055582004464808432e-02 9.271664114798011669e-01 5.240556500000000284e+01
9.119582691180740941e-01 7.153705245081072583e-02 4.039982246419114298e-01 2.199319999999999886e-01 -6.957022863364749343e-02 9.973851481291702292e-01 -1.956654234184517643e-02 1.279230000000000089e-01 -4.043415618941841871e-01 -1.026237876923081528e-02 9.145504824267320920e-01 5.263581500000000091e+01
8.971142169141724798e-01 6.900462471800716813e-02 4.363764929255447567e-01 3.611059999999999826e-01 -6.597862598637815879e-02 9.975761117619499352e-01 -2.210706119906736059e-02 1.179830000000000045e-01 -4.368442545386406750e-01 -8.958962520106916738e-03 8.994925426412064828e-01 5.286992800000000159e+01
8.799070430911133389e-01 6.814246996961968728e-02 4.702341962310834234e-01 5.192139999999999533e-01 -6.322846476231759605e-02 9.976535865917226520e-01 -2.625799696230621955e-02 1.110420000000000018e-01 -4.709201171774826111e-01 -6.627589841835493378e-03 8.821509611684581476e-01 5.309589700000000079e+01
8.605129609430938187e-01 6.981963233550630976e-02 5.046213065155732425e-01 6.869579999999999576e-01 -6.276868903906041020e-02 9.975470386984499616e-01 -3.098382255743721558e-02 9.760499999999999732e-02 -5.055467690780618417e-01 -5.012436980924669938e-03 8.627846427413072838e-01 5.331831600000000293e+01
8.388216934212470166e-01 7.159992341394404158e-02 5.396773273105224256e-01 8.681699999999999973e-01 -6.243604428151788149e-02 9.974250176018034653e-01 -3.528561515006380794e-02 8.683499999999999552e-02 -5.408141150343506176e-01 -4.096978052104080850e-03 8.411321583142881142e-01 5.354306900000000269e+01
8.143408984114249849e-01 7.441032503063946257e-02 5.755970853846533730e-01 1.064885999999999999e+00 -6.360196018698990872e-02 9.972156472458473253e-01 -3.893255127034986329e-02 7.822600000000000386e-02 -5.768914038489790785e-01 -4.904734129436580381e-03 8.168061286182136671e-01 5.377371099999999871e+01
7.870675365117745237e-01 7.815298868244910380e-02 6.118960723270641111e-01 1.276340000000000030e+00 -6.646284641830310647e-02 9.969113424643070154e-01 -4.183856249909054248e-02 6.746599999999999819e-02 -6.132759436136914211e-01 -7.738580361683441988e-03 7.898308245179610498e-01 5.400734800000000035e+01
7.572396525013523894e-01 8.251362415073366929e-02 6.479040133454511130e-01 1.509449000000000041e+00 -7.033847195296837052e-02 9.965210032503957205e-01 -4.470334936161365208e-02 5.249399999999999900e-02 -6.493385927564697679e-01 -1.172142953467979198e-02 7.604091004496927875e-01 5.424587799999999760e+01
7.244119578458533271e-01 8.340705071966625361e-02 6.843029878790423126e-01 1.769074000000000035e+00 -7.006027290495708826e-02 9.964215226520330981e-01 -4.728326719133037204e-02 3.806999999999999967e-02 -6.857979830025899837e-01 -1.368988992106300040e-02 7.276631867997229719e-01 5.447201900000000308e+01
6.880516313317280863e-01 8.098173718365370144e-02 7.211289141786407786e-01 2.059309999999999974e+00 -6.650764502230108177e-02 9.966083971391611618e-01 -4.846066348389842238e-02 2.575399999999999912e-02 -7.226075600042773939e-01 -1.461714727399624283e-02 6.911039380803982723e-01 5.470462100000000305e+01
6.492736155316949365e-01 7.911693285459528435e-02 7.564286371562635169e-01 2.359167999999999932e+00 -6.341734337509391528e-02 9.967428815274516074e-01 -4.981835689379937593e-02 4.802999999999999978e-03 -7.579063350663103327e-01 -1.562494992100761648e-02 6.521762401424325839e-01 5.490530900000000258e+01
6.071196631745243710e-01 7.862330317536947444e-02 7.907111297968721919e-01 2.700708999999999804e+00 -6.168265371147654136e-02 9.967533243370381157e-01 -5.174998216592414241e-02 -1.326600000000000001e-02 -7.922127017524790427e-01 -1.735472906320733449e-02 6.099982365230087744e-01 5.512724899999999906e+01
5.615580581575004837e-01 7.764141680833495929e-02 8.237865971927266218e-01 3.065011999999999848e+00 -5.760559839970776780e-02 9.968406841606571867e-01 -5.468313666135522083e-02 -3.717000000000000165e-02 -8.254296713538887831e-01 -1.674696384743417504e-02 5.642564991654982487e-01 5.532989500000000049e+01
5.133654495124932993e-01 7.631714741054967943e-02 8.547699153912425851e-01 3.458574000000000037e+00 -5.480448407998356197e-02 9.969202288732519346e-01 -5.609390152262380691e-02 -6.212700000000000167e-02 -8.564183462371427469e-01 -1.804855325003694791e-02 5.159669233139059230e-01 5.554428500000000213e+01
4.645806057957309054e-01 7.387288452447610121e-02 8.824441385439109053e-01 3.845019000000000187e+00 -5.324031387407856392e-02 9.970417361284987789e-01 -5.543685954722357007e-02 -9.604600000000000637e-02 -8.839289166539699982e-01 -2.122671312055670473e-02 4.671392693330719270e-01 5.571350100000000083e+01
4.151021709405863236e-01 7.158203640134402912e-02 9.069543537273796474e-01 4.272905999999999871e+00 -5.335094242841883355e-02 9.970995422841074651e-01 -5.427872252386699292e-02 -1.201969999999999983e-01 -9.082091524656705772e-01 -2.585565395537436570e-02 4.177171537489550168e-01 5.587571100000000257e+01
3.649223964252922836e-01 7.218663731085329938e-02 9.282352794313374345e-01 4.732615000000000016e+00 -5.722462836471393921e-02 9.968438084855075765e-01 -5.502511601649703876e-02 -1.295870000000000077e-01 -9.292776692118142057e-01 -3.303802170015486539e-02 3.679014849472584947e-01 5.603187400000000196e+01
3.157332824992443721e-01 7.243993362496183031e-02 9.460787231190982416e-01 5.221255000000000202e+00 -5.486645645640830099e-02 9.968069474472975866e-01 -5.801363181802586533e-02 -1.469870000000000065e-01 -9.472603476754261065e-01 -3.359115266274045886e-02 3.186996519995261012e-01 5.617735700000000065e+01
2.684932407717696701e-01 6.921886209224975550e-02 9.607914075336676518e-01 5.706425000000000303e+00 -4.443970166239950143e-02 9.972430141039346774e-01 -5.942628826585413804e-02 -1.760899999999999965e-01 -9.622559392261651467e-01 -2.674172678705653838e-02 2.708290742745633750e-01 5.627157799999999810e+01
2.249372023255264974e-01 6.332033698998784654e-02 9.723136273515040617e-01 6.207633000000000401e+00 -3.134316867949780983e-02 9.978399953997408867e-01 -5.773170149730225131e-02 -2.007059999999999955e-01 -9.738690162373446757e-01 -1.748938261115699777e-02 2.264359969368537895e-01 5.633077300000000065e+01
1.834228616233835873e-01 6.246192417030101834e-02 9.810476858251244714e-01 6.707168000000000241e+00 -2.167653006918630193e-02 9.979936361446637427e-01 -5.948806820625689162e-02 -2.158549999999999913e-01 -9.827950864132606323e-01 -1.035423795825530027e-02 1.844088064010368511e-01 5.635985099999999903e+01
1.448527090831931985e-01 6.422725932169955076e-02 9.873664729123033945e-01 7.260546999999999862e+00 -1.863351972067172138e-02 9.978911064015553167e-01 -6.217822534858216676e-02 -2.391290000000000082e-01 -9.892777590818863098e-01 -9.391428256814115388e-03 1.457440100354658874e-01 5.643188500000000118e+01
1.122225286254362187e-01 6.435244882506609143e-02 9.915971290797137572e-01 7.807954999999999757e+00 -1.064040155549759656e-02 9.979213785215869104e-01 -6.355866694883842427e-02 -2.848890000000000033e-01 -9.936261298514904583e-01 -3.418277313626146702e-03 1.126739963636518294e-01 5.647134799999999899e+01
8.380013458976873220e-02 6.256381424286258652e-02 9.945166195645603890e-01 8.366884000000000654e+00 -3.167701700310127794e-03 9.980387799970467100e-01 -6.251847157396443755e-02 -3.158679999999999821e-01 -9.964775477193020814e-01 2.088724345463501691e-03 8.383396759031613854e-02 5.647967700000000235e+01
5.873123677773746387e-02 6.046959143764657485e-02 9.964407008637901075e-01 8.944834000000000174e+00 3.870399062317762123e-03 9.981424047486318063e-01 -6.080098563113073284e-02 -3.547629999999999950e-01 -9.982663281097161612e-01 7.427540237700216985e-03 5.838809646119313967e-02 5.649720599999999848e+01
3.897753916347854175e-02 5.960284333349910590e-02 9.974609027462285615e-01 9.535821000000000325e+00 8.337786439917532766e-03 9.981653122699505332e-01 -5.997074868896042077e-02 -3.818440000000000167e-01 -9.992053006054567588e-01 1.065412819495248006e-02 3.840907177170116427e-02 5.650170200000000165e+01
2.297142907308686102e-02 6.128216652458573499e-02 9.978561066167771498e-01 1.012740800000000085e+01 1.104063180810251066e-02 9.980430708144421015e-01 -6.154781270326781240e-02 -4.135300000000000087e-01 -9.996751561860571789e-01 1.243080308473926490e-02 2.224988177609898976e-02 5.650751999999999953e+01
9.344963537581688767e-03 6.089986671933706602e-02 9.981001341999949927e-01 1.073820399999999964e+01 1.168721637336955083e-02 9.980688893928377770e-01 -6.100738479552630933e-02 -4.455700000000000216e-01 -9.998880340467742878e-01 1.223512401712192887e-02 8.615167459912420611e-03 5.651893100000000203e+01
-2.426095391038181510e-03 6.186959854264303948e-02 9.980812926998110512e-01 1.134525599999999912e+01 1.239856155866622331e-02 9.980093727755627864e-01 -6.183500241290292021e-02 -4.712770000000000015e-01 -9.999201916815310121e-01 1.222475473373299884e-02 -3.188359965644593785e-03 5.651530199999999837e+01
-1.163880829562691926e-02 6.473953314085825750e-02 9.978343204110393660e-01 1.196465099999999993e+01 1.735933538157907047e-02 9.977646045600452318e-01 -6.453252948898297037e-02 -5.015789999999999971e-01 -9.997815719528775347e-01 1.657065888371108547e-02 -1.273662622487536922e-02 5.650706600000000179e+01
-1.817902898440349260e-02 6.661145926830330799e-02 9.976133701987616176e-01 1.260631399999999935e+01 2.158673647833934603e-02 9.975718240521479485e-01 -6.621532047408026922e-02 -5.373360000000000358e-01 -9.996016885306860944e-01 2.033148669963878025e-02 -1.957281112113073984e-02 5.649127800000000121e+01
-2.288595295659251461e-02 6.578600057603213591e-02 9.975712682738407944e-01 1.324732000000000021e+01 2.215673929905612183e-02 9.976209074478054051e-01 -6.528096144091909137e-02 -5.724080000000000279e-01 -9.994925272661635551e-01 2.060890951087426468e-02 -2.428910842065434839e-02 5.647583900000000057e+01
-2.662230162386022836e-02 6.299784967568618221e-02 9.976585207336664540e-01 1.390361300000000000e+01 1.945254042484936829e-02 9.978559240151662069e-01 -6.249122801528520649e-02 -6.094960000000000377e-01 -9.994562780468526642e-01 1.774333238369871918e-02 -2.779068960378239250e-02 5.646466999999999814e+01
-2.918114654951503573e-02 5.609502029339490103e-02 9.979989024965606470e-01 1.458906700000000001e+01 1.725016713627203560e-02 9.983036655346128052e-01 -5.560776127418505521e-02 -6.468289999999999873e-01 -9.994252810589826508e-01 1.559294963884928428e-02 -3.009929404045719181e-02 5.644857400000000069e+01
-2.999294707780935168e-02 5.076812436096816983e-02 9.982599965311929058e-01 1.526986199999999982e+01 1.881895969922244352e-02 9.985609636690228053e-01 -5.021801063594209802e-02 -6.670810000000000350e-01 -9.993729383375493658e-01 1.728002850870978546e-02 -3.090518942364550714e-02 5.641638999999999982e+01
-3.043964191379424852e-02 4.831141538298826255e-02 9.983683865907675425e-01 1.596718399999999960e+01 2.175284411866995268e-02 9.986266935000044365e-01 -4.766068402779286006e-02 -6.978640000000000398e-01 -9.992998758995763620e-01 2.026657773134447893e-02 -3.144874964367494474e-02 5.638957200000000114e+01
-3.010520687586142746e-02 5.064515894646721972e-02 9.982628633752979042e-01 1.668729700000000093e+01 2.529847055713463355e-02 9.984342163431417783e-01 -4.989091122365078845e-02 -7.294770000000000421e-01 -9.992265328274823055e-01 2.375254745376764384e-02 -3.133931369741749240e-02 5.636651899999999671e+01
-2.921662852411832656e-02 5.808497772905750478e-02 9.978840233112757918e-01 1.738392999999999944e+01 2.597041742706681158e-02 9.980173034871235860e-01 -5.733235874228896634e-02 -7.553929999999999811e-01 -9.992356709187015795e-01 2.424040640140976213e-02 -3.066719193449107816e-02 5.633743499999999926e+01
-2.707839458771251970e-02 6.618641821796536484e-02 9.974397819367485374e-01 1.808946999999999861e+01 2.676641013118630924e-02 9.974959100925933075e-01 -6.546349087268527045e-02 -7.854200000000000070e-01 -9.992748970304622391e-01 2.492523604754035699e-02 -2.878216066825289854e-02 5.631742100000000306e+01
-2.484487870475693416e-02 6.693121935406390333e-02 9.974482161385240797e-01 1.881707300000000060e+01 2.761252325427322046e-02 9.974214724481121896e-01 -6.624163991759270120e-02 -8.224749999999999561e-01 -9.993099021633269352e-01 2.589629655410155551e-02 -2.662895535134435221e-02 5.629401500000000169e+01
-2.236445624702454449e-02 6.267877342505169536e-02 9.977831440040993982e-01 1.954779800000000023e+01 2.678381015826285239e-02 9.977121073545286434e-01 -6.207397483319058995e-02 -8.586819999999999453e-01 -9.993910438913191641e-01 2.533618361388463580e-02 -2.399206514042639959e-02 5.625955299999999681e+01
-1.984570174036585227e-02 5.605799142775778898e-02 9.982302588679217159e-01 2.029652799999999857e+01 2.636731589652414540e-02 9.981089718743334505e-01 -5.552697467334238857e-02 -9.062510000000000288e-01 -9.994553080427586167e-01 2.521868079512756822e-02 -2.128627172870156681e-02 5.624274400000000185e+01
-1.717039778138132813e-02 5.417984519422337081e-02 9.983835544592862821e-01 2.104662000000000077e+01 2.428940607580184347e-02 9.982586782841459394e-01 -5.375533445970698265e-02 -9.536780000000000257e-01 -9.995575031945453937e-01 2.332714309811965633e-02 -1.845649485590128425e-02 5.623744200000000149e+01
-1.390229803487848768e-02 5.948333453019492151e-02 9.981324857064405309e-01 2.177477899999999877e+01 3.183250528836883281e-02 9.977493024099697294e-01 -5.901712588295629502e-02 -9.872640000000000304e-01 -9.993965267682366482e-01 3.095258395655618722e-02 -1.576451172719772753e-02 5.621791799999999739e+01
-1.084961688177413924e-02 6.507685118153863635e-02 9.978212711973092341e-01 2.249774000000000029e+01 3.344889393014890272e-02 9.973451746310042498e-01 -6.468210057737275309e-02 -1.025104999999999933e+00 -9.993815374061939538e-01 3.267424185115225255e-02 -1.299756173611188448e-02 5.621052199999999743e+01
-8.450714540680033526e-03 6.553441072710394777e-02 9.978145250668598587e-01 2.324387899999999973e+01 2.735083028618885692e-02 9.974919782057658502e-01 -6.528158620778164167e-02 -1.066713000000000022e+00 -9.995901747748464627e-01 2.673937968239305241e-02 -1.022194051013758376e-02 5.621769100000000208e+01
-5.417566415149977291e-03 6.161366798683796941e-02 9.980853700417341434e-01 2.398264400000000052e+01 2.286007914087756152e-02 9.978468112130844947e-01 -6.147485773510646956e-02 -1.113942999999999905e+00 -9.997239952886048941e-01 2.248326642386427529e-02 -6.814394698231418523e-03 5.622276500000000254e+01
-8.357772383159722124e-04 5.755408833200473945e-02 9.983420397802950097e-01 2.472063800000000100e+01 2.712914072416095640e-02 9.979762404160085199e-01 -5.751028854646644123e-02 -1.158870000000000067e+00 -9.996315877361904301e-01 2.703609589790940265e-02 -2.395478787729610204e-03 5.621548800000000057e+01
2.855514100404057433e-03 5.871840195200923179e-02 9.982705020741744484e-01 2.547868899999999925e+01 3.167906420189612465e-02 9.977682147263163825e-01 -5.877947408025752801e-02 -1.201089000000000073e+00 -9.994940134540648558e-01 3.179212094311736209e-02 9.889971808155761934e-04 5.621566200000000180e+01
5.391171324165834958e-03 6.325303088083532310e-02 9.979829604538054122e-01 2.621068199999999848e+01 3.149388060850034921e-02 9.974916475291819573e-01 -6.339202310808418617e-02 -1.237155999999999922e+00 -9.994894050243711137e-01 3.177211346301103689e-02 3.385564963567455621e-03 5.622582100000000338e+01
9.302068427306520171e-03 6.392596437371317331e-02 9.979112899460876873e-01 2.695447700000000069e+01 2.810357268198677982e-02 9.975435439916803260e-01 -6.416437518613364588e-02 -1.276340999999999948e+00 -9.995617343243398123e-01 2.864173387575183818e-02 7.482670319385764657e-03 5.623925799999999953e+01
1.287482738725658112e-02 6.330951999654418905e-02 9.979108895575573568e-01 2.770979699999999823e+01 2.779554181922247111e-02 9.975852879642357340e-01 -6.364747514464763611e-02 -1.319949999999999957e+00 -9.995307132223222313e-01 2.855692411867662497e-02 1.108401597598729360e-02 5.624894100000000208e+01
1.612719213511170507e-02 5.989268402733581576e-02 9.980745363317504726e-01 2.845281299999999902e+01 3.168459846754978493e-02 9.976724304956466893e-01 -6.038052375442898301e-02 -1.366940000000000044e+00 -9.993678001085422036e-01 3.259735923216379450e-02 1.419197932995719391e-02 5.626523099999999999e+01
1.997796749730311461e-02 6.037533231261523609e-02 9.979758013413042583e-01 2.919410500000000042e+01 3.629432525606093168e-02 9.974733054409907762e-01 -6.107148996734117208e-02 -1.409790000000000099e+00 -9.991414328156371649e-01 3.744094257313876351e-02 1.773620732713077075e-02 5.626757099999999667e+01
2.347308141395726758e-02 6.135193015369999614e-02 9.978401450710174814e-01 2.996009700000000109e+01 3.910096628897953563e-02 9.972951006480836877e-01 -6.223822505982062187e-02 -1.454321999999999893e+00 -9.989595231460590696e-01 4.047743679810166667e-02 2.101066933854955909e-02 5.628236700000000070e+01
2.595936984064858497e-02 6.101722945835338918e-02 9.977990823941976783e-01 3.069982999999999862e+01 3.951185307437490857e-02 9.972928595536155738e-01 -6.201423828445810915e-02 -1.498123000000000093e+00 -9.988818371479707414e-01 4.103474128831799406e-02 2.347819037522647090e-02 5.630107399999999984e+01
2.983312227755162069e-02 5.976582080751650233e-02 9.977665215261415366e-01 3.145103800000000049e+01 4.114407420008980160e-02 9.972913923355386512e-01 -6.096756458692082631e-02 -1.532094999999999985e+00 -9.987077400187653886e-01 4.287103260532320465e-02 2.729330668796214887e-02 5.631608099999999695e+01
3.349387897788318885e-02 5.882862089364922914e-02 9.977060456039977820e-01 3.220791599999999733e+01 4.330736165383505115e-02 9.972430919823144224e-01 -6.025518998507132379e-02 -1.575649000000000077e+00 -9.985001915360852687e-01 4.522619658233930501e-02 3.085382707374806355e-02 5.633534699999999873e+01
3.598291140627568607e-02 5.914907546113820636e-02 9.976004295101423835e-01 3.297096700000000169e+01 4.177428761396659307e-02 9.972853365991514174e-01 -6.063716928306359805e-02 -1.613979999999999970e+00 -9.984789126371540480e-01 4.385594915641311681e-02 3.341431942321126947e-02 5.638057500000000033e+01
