9.999336535275752391e-01 -1.087492457058680806e-02 -3.797967690620969883e-03 -2.502800000000000163e-02 1.088468728240904460e-02 9.999374846523660931e-01 2.559369036136848862e-03 7.372000000000000081e-03 3.769897314134204678e-03 -2.600538921650770354e-03 9.999895124807848257e-01 9.385358000000000089e+00
9.998675021444555222e-01 -1.393085867183397122e-02 -8.420767902784991737e-03 -6.823200000000000098e-02 1.394419692011066372e-02 9.999016084664785753e-01 1.527337029586828352e-03 3.402999999999999775e-02 8.398662254214175199e-03 -1.644555506560695535e-03 9.999633782841876872e-01 1.398072699999999990e+01
9.997520294248105621e-01 -1.301788529045528296e-02 -1.806694007122929338e-02 -1.149840000000000029e-01 1.301250043051631507e-02 9.999152474709606109e-01 -4.155810792898039343e-04 4.108699999999999852e-02 1.807081883918533124e-02 1.803819619555507717e-04 9.998366931498509080e-01 1.847001799999999960e+01
9.995842382491105793e-01 -1.314617736183307239e-02 -2.566181335596775040e-02 -2.221440000000000081e-01 1.318706981628233951e-02 9.999120315163603223e-01 1.424927537048939052e-03 5.241699999999999832e-02 2.564082357502957613e-02 -1.762739231018798421e-03 9.996696658980893657e-01 2.287289900000000031e+01
9.994938178753292046e-01 -1.334529397581835433e-02 -2.887925133546948367e-02 -3.169080000000000230e-01 1.354714610528853086e-02 9.998850755742861862e-01 6.805180100917374367e-03 6.341199999999999615e-02 2.878511527508957960e-02 -7.192966877648079502e-03 9.995597422696137491e-01 2.626241800000000026e+01
9.993539655737517791e-01 -1.036549049363353486e-02 -3.441232481020092132e-02 -4.696640000000000259e-01 1.039116335862567270e-02 9.999458494977222500e-01 5.672709518449773301e-04 7.992200000000000693e-02 3.440458132386924744e-02 -9.244885639339598619e-04 9.994075595595743877e-01 3.023421199999999942e+01
9.989595272015453498e-01 -8.801816947590719933e-03 -4.474808411190442370e-02 -6.260769999999999946e-01 9.061452894555498475e-03 9.999432486553194721e-01 5.602636886843342066e-03 9.869300000000000295e-02 4.469623121365737251e-02 -6.002290151864591618e-03 9.989825921547522691e-01 3.399733299999999758e+01
9.986840218952740544e-01 -5.594604840400689994e-05 -5.128568300334203356e-02 -8.314209999999999656e-01 4.358887310600478371e-04 9.999725453188943458e-01 7.397202813620820314e-03 1.279800000000000104e-01 5.128386112700322741e-02 -7.409823107967753938e-03 9.986566277301797134e-01 3.751553200000000032e+01
9.991549694973140827e-01 1.137520988524505505e-02 -3.949622170395482301e-02 -1.007001000000000035e+00 -1.121195937995839165e-02 9.999276718016847365e-01 4.352370862449678884e-03 1.362480000000000080e-01 3.954287414545751278e-02 -3.905862942905334936e-03 9.992102408097045529e-01 4.075310100000000091e+01
9.993585240200160147e-01 3.319779007420828321e-02 -1.343306378768392879e-02 -1.104260000000000019e+00 -3.303437306230304349e-02 9.993796348855351619e-01 1.220965079087550816e-02 1.600389999999999868e-01 1.383006380736454509e-02 -1.175806575263710525e-02 9.998352250370262650e-01 4.371743800000000135e+01
9.984482480155860706e-01 5.057036696290184707e-02 2.331810497969750637e-02 -1.080842000000000080e+00 -5.071779536394931120e-02 9.986963295069632984e-01 5.774656936966759795e-03 1.726560000000000039e-01 -2.299567933389466343e-02 -6.948338978240897225e-03 9.997114180189281551e-01 4.614846800000000115e+01
9.969225794276495023e-01 5.491104109550591639e-02 5.594772732765415646e-02 -1.019134999999999902e+00 -5.548249397126006621e-02 9.984216573331388123e-01 8.711316254013083335e-03 1.552149999999999919e-01 -5.538107519767894449e-02 -1.178862731432300630e-02 9.983956954915185200e-01 4.771833500000000328e+01
9.925085964399691374e-01 6.080326168423293154e-02 1.059700399231841839e-01 -8.921729999999999938e-01 -6.140277552359117708e-02 9.981101816093782553e-01 2.400942667664577798e-03 1.668449999999999933e-01 -1.056237906475715749e-01 -8.889810810845878014e-03 9.943664244698657839e-01 4.918841700000000117e+01
9.805493267834251014e-01 6.440061529384628891e-02 1.854065222540616509e-01 -6.463569999999999593e-01 -6.420942212332396426e-02 9.979116001236907341e-01 -7.041906642665032856e-03 1.712120000000000031e-01 -1.854728224165488049e-01 -4.999908834091577881e-03 9.826366739830598718e-01 5.045848800000000267e+01
9.536350930008955507e-01 6.779563533300418665e-02 2.932300483016153092e-01 -2.548779999999999935e-01 -6.651566870304055634e-02 9.976822358501861165e-01 -1.434650082636666248e-02 1.644279999999999908e-01 -2.935230403463426341e-01 -5.823066096817227852e-03 9.559342637896559580e-01 5.167962099999999737e+01
8.971142169141724798e-01 6.900462471800716813e-02 4.363764929255447567e-01 3.611059999999999826e-01 -6.597862598637815879e-02 9.975761117619499352e-01 -2.210706119906736059e-02 1.179830000000000045e-01 -4.368442545386406750e-01 -8.958962520106916738e-03 8.994925426412064828e-01 5.286992800000000159e+01
7.870675365117745237e-01 7.815298868244910380e-02 6.118960723270641111e-01 1.276340000000000030e+00 -6.646284641830310647e-02 9.969113424643070154e-01 -4.183856249909054248e-02 6.746599999999999819e-02 -6.132759436136914211e-01 -7.738580361683441988e-03 7.898308245179610498e-01 5.400734800000000035e+01
6.071196631745243710e-01 7.862330317536947444e-02 7.907111297968721919e-01 2.700708999999999804e+00 -6.168265371147654136e-02 9.967533243370381157e-01 -5.174998216592414241e-02 -1.326600000000000001e-02 -7.922127017524790427e-01 -1.735472906320733449e-02 6.099982365230087744e-01 5.512724899999999906e+01
3.649223964252922836e-01 7.218663731085329938e-02 9.282352794313374345e-01 4.732615000000000016e+00 -5.722462836471393921e-02 9.968438084855075765e-01 -5.502511601649703876e-02 -1.295870000000000077e-01 -9.292776692118142057e-01 -3.303802170015486539e-02 3.679014849472584947e-01 5.603187400000000196e+01
1.834228616233835873e-01 6.246192417030101834e-02 9.810476858251244714e-01 6.707168000000000241e+00 -2.167653006918630193e-02 9.979936361446637427e-01 -5.948806820625689162e-02 -2.158549999999999913e-01 -9.827950864132606323e-01 -1.035423795825530027e-02 1.844088064010368511e-01 5.635985099999999903e+01
3.897753916347854175e-02 5.960284333349910590e-02 9.974609027462285615e-01 9.535821000000000325e+00 8.337786439917532766e-03 9.981653122699505332e-01 -5.997074868896042077e-02 -3.818440000000000167e-01 -9.992053006054567588e-01 1.065412819495248006e-02 3.840907177170116427e-02 5.650170200000000165e+01
-1.817902898440349260e-02 6.661145926830330799e-02 9.976133701987616176e-01 1.260631399999999935e+01 2.158673647833934603e-02 9.975718240521479485e-01 -6.621532047408026922e-02 -5.373360000000000358e-01 -9.996016885306860944e-01 2.033148669963878025e-02 -1.957281112113073984e-02 5.649127800000000121e+01
-3.043964191379424852e-02 4.831141538298826255e-02 9.983683865907675425e-01 1.596718399999999960e+01 2.175284411866995268e-02 9.986266935000044365e-01 -4.766068402779286006e-02 -6.978640000000000398e-01 -9.992998758995763620e-01 2.026657773134447893e-02 -3.144874964367494474e-02 5.638957200000000114e+01
-2.236445624702454449e-02 6.267877342505169536e-02 9.977831440040993982e-01 1.954779800000000023e+01 2.678381015826285239e-02 9.977121073545286434e-01 -6.207397483319058995e-02 -8.586819999999999453e-01 -9.993910438913191641e-01 2.533618361388463580e-02 -2.399206514042639959e-02 5.625955299999999681e+01
-8.450714540680033526e-03 6.553441072710394777e-02 9.978145250668598587e-01 2.324387899999999973e+01 2.735083028618885692e-02 9.974919782057658502e-01 -6.528158620778164167e-02 -1.066713000000000022e+00 -9.995901747748464627e-01 2.673937968239305241e-02 -1.022194051013758376e-02 5.621769100000000208e+01
9.302068427306520171e-03 6.392596437371317331e-02 9.979112899460876873e-01 2.695447700000000069e+01 2.810357268198677982e-02 9.975435439916803260e-01 -6.416437518613364588e-02 -1.276340999999999948e+00 -9.995617343243398123e-01 2.864173387575183818e-02 7.482670319385764657e-03 5.623925799999999953e+01
2.347308141395726758e-02 6.135193015369999614e-02 9.978401450710174814e-01 2.996009700000000109e+01 3.910096628897953563e-02 9.972951006480836877e-01 -6.223822505982062187e-02 -1.454321999999999893e+00 -9.989595231460590696e-01 4.047743679810166667e-02 2.101066933854955909e-02 5.628236700000000070e+01
3.927107092081861400e-02 6.090425546192447526e-02 9.973707709048630354e-01 3.372690500000000213e+01 3.911556731474044590e-02 9.972819784516763209e-01 -6.243899301843471028e-02 -1.653775999999999913e+00 -9.984626960394554773e-01 4.146476965013518035e-02 3.678202679955500098e-02 5.640828199999999981e+01
5.348761032080607408e-02 6.213272632449635263e-02 9.966336337198614670e-01 3.753504300000000171e+01 3.386326956134096816e-02 9.973754285676705855e-01 -6.399635508426521069e-02 -1.871988999999999903e+00 -9.979941655725176330e-01 3.717228549525353892e-02 5.124321100666706652e-02 5.659455899999999673e+01
6.961301675291350910e-02 6.936471023039099404e-02 9.951595675434229404e-01 4.143743299999999863e+01 2.555658617629115101e-02 9.971281995605327797e-01 -7.128965243416571229e-02 -2.113081999999999905e+00 -9.972466539435328459e-01 3.039556901629308569e-02 6.764037686621338086e-02 5.688335699999999662e+01
9.056383118956047584e-02 7.309237052252498534e-02 9.932047612912791035e-01 4.539594000000000307e+01 1.668929838852819744e-02 9.970515876432440860e-01 -7.489725560649690417e-02 -2.368606999999999907e+00 -9.957508020582095387e-01 2.335887303540523652e-02 8.907695128903070358e-02 5.726484800000000064e+01
1.258417611698429417e-01 8.586631870551877932e-02 9.883272871157783301e-01 4.937936400000000248e+01 5.287471586833750181e-03 9.961749221872256976e-01 -8.722136807854621865e-02 -2.676654000000000089e+00 -9.920362361274360774e-01 1.620184301976452385e-02 1.249063909208503187e-01 5.774540300000000315e+01
1.627322801855670131e-01 6.883736349246659392e-02 9.842660323169809544e-01 5.340362900000000224e+01 2.048197791397754486e-03 9.975375725506354652e-01 -7.010418129892789785e-02 -2.953046000000000060e+00 -9.866681356319426666e-01 1.342418478685640168e-02 1.621905712160695012e-01 5.838438599999999923e+01
1.835200312430035063e-01 8.089691106400689891e-02 9.796816257911898917e-01 5.651790100000000194e+01 -2.470433040729254348e-03 9.966428540004947934e-01 -8.183470248213634002e-02 -3.190401000000000042e+00 -9.830128661890230601e-01 1.259806929853364565e-02 1.831037781062724301e-01 5.897876200000000324e+01
2.030247078670995575e-01 6.170584003880247997e-02 9.772273825986380613e-01 6.026851700000000278e+01 -4.533906676843689476e-03 9.980609157063862202e-01 -6.207940261935172843e-02 -3.452516999999999836e+00 -9.791631180174859006e-01 8.172994826599503521e-03 2.029107943650111379e-01 5.974447899999999834e+01
2.110948715679135668e-01 8.018749945580935790e-02 9.741708885656307215e-01 6.374862600000000157e+01 -1.194122061107583815e-02 9.967665410263522041e-01 -7.945986370916421904e-02 -3.684686999999999824e+00 -9.773926347420690552e-01 5.140780231239955311e-03 2.113698415824035726e-01 6.053288500000000028e+01
2.113599504239521143e-01 7.255624905223756471e-02 9.747115276225342129e-01 6.701935400000000698e+01 -1.320199030552373504e-02 9.973618542636480955e-01 -7.137954266980320317e-02 -3.924583999999999850e+00 -9.773191284369489029e-01 2.218644461619040387e-03 2.117602389684983821e-01 6.128815000000000168e+01
2.019463287088145431e-01 7.902470620701300408e-02 9.762032452977845720e-01 7.004387900000000400e+01 -1.125641259463244781e-02 9.968609195304199977e-01 -7.836836280327022508e-02 -4.150597000000000314e+00 -9.793319016025826551e-01 4.837656649749784432e-03 2.022019376306970484e-01 6.192112099999999941e+01
1.908897319114433444e-01 7.419383718078112477e-02 9.788035475902041593e-01 7.285766499999999724e+01 -2.113072073811825269e-04 9.971425428862801255e-01 -7.554273304261038824e-02 -4.359664000000000428e+00 -9.816114636657629067e-01 1.421350381414554498e-02 1.903599503815964766e-01 6.247304499999999905e+01
1.890387816852871494e-01 7.323323186704838728e-02 9.792350242762202228e-01 7.558074899999999730e+01 1.119640600449674228e-02 9.969896205697439395e-01 -7.672246717083952561e-02 -4.550118999999999581e+00 -9.819057895294869276e-01 2.546743462748473838e-02 1.876497542283761533e-01 6.299770300000000134e+01
2.141057602631158130e-01 7.184375684251990968e-02 9.741648720955329299e-01 7.834105200000000480e+01 9.779101372436951184e-03 9.970839514541099957e-01 -7.568330680543514100e-02 -4.743536999999999892e+00 -9.767615331279690949e-01 2.573068898049363229e-02 2.127788500910942071e-01 6.357653599999999727e+01
2.505951748513127741e-01 7.275919210133426074e-02 9.653539031391551450e-01 8.064075599999999611e+01 1.422062211531668896e-03 9.971429475955772004e-01 -7.552429939741583942e-02 -4.893606000000000122e+00 -9.680909234572476763e-01 2.029881831942711296e-02 2.497757432068381522e-01 6.418159599999999898e+01
3.014887387631681737e-01 8.076457186069047056e-02 9.500429592029792092e-01 8.370571800000000451e+01 -1.093279941585796611e-02 9.966333131858873262e-01 -8.125584868213173162e-02 -5.106201000000000434e+00 -9.534070559293793545e-01 1.411109422689243303e-02 3.013567034658313215e-01 6.514264199999999505e+01
3.537667720795190096e-01 6.220003615754580995e-02 9.332632139297240004e-01 8.702545399999999631e+01 -8.762610631192258720e-03 9.979630109213459832e-01 -6.319054903802864831e-02 -5.309868999999999950e+00 -9.352926213904201314e-01 1.417689439903470003e-02 3.535911877264970027e-01 6.637125799999999742e+01
3.924131625558597847e-01 4.045021730205697330e-02 9.188991728003268467e-01 9.058720800000000395e+01 2.206087748411870997e-02 9.983312015573752030e-01 -5.336787124889054434e-02 -5.482306999999999597e+00 -9.195244572807943495e-01 4.121397720705713419e-02 3.908659367932144635e-01 6.786011499999999330e+01
4.206346663716168388e-01 5.850287002342695331e-02 9.053418645160846712e-01 9.410057500000000630e+01 1.214682623969870826e-02 9.974660476181768098e-01 -7.009948973619979651e-02 -5.706693999999999711e+00 -9.071487926788752709e-01 4.048330579380871042e-02 4.188581739601888732e-01 6.949536500000000672e+01
4.410687925927778141e-01 6.450864206210182861e-02 8.951519174419797498e-01 9.741461099999999362e+01 3.272741136416606328e-03 9.972911858212394343e-01 -7.348183346052303277e-02 -5.971548000000000300e+00 -8.974673305286400282e-01 3.534014406549104009e-02 4.396628991070626880e-01 7.109190599999999449e+01
4.569012458216695216e-01 6.157277402427044355e-02 8.873838206016393393e-01 1.004892040000000009e+02 2.074646769348802849e-03 9.975249120651318302e-01 -7.028332412623521097e-02 -6.215222999999999942e+00 -8.895150068477701844e-01 3.395354633034865233e-02 4.556426333040007881e-01 7.265203700000000708e+01
4.650335748789762857e-01 6.146684058334066225e-02 8.831566122404234109e-01 1.028067319999999967e+02 4.628713376074840985e-03 9.974043009835135143e-01 -7.185565664630090554e-02 -6.387394999999999712e+00 -8.852809436827168144e-01 3.750317170975177306e-02 4.635419752988365616e-01 7.387631199999999865e+01
4.803516085369481936e-01 5.789072740307887877e-02 8.751634109448982457e-01 1.054677850000000063e+02 1.402995341418130856e-02 9.971845076125926965e-01 -7.366286842518995903e-02 -6.611222999999999850e+00 -8.769637920593771341e-01 4.766257922283850118e-02 4.781869780312553164e-01 7.531243399999999610e+01
5.009038635871967404e-01 6.088110301388931223e-02 8.633590277162980220e-01 1.079604779999999948e+02 1.553543910998841579e-02 9.967297880806836874e-01 -7.929930443765093040e-02 -6.832112999999999658e+00 -8.653634898556091803e-01 5.313398957774204123e-02 4.983199871332409936e-01 7.669514499999999657e+01
5.295291780105846335e-01 8.525583726347574220e-02 8.439966183865537097e-01 1.103655830000000009e+02 -7.683731869276670678e-03 9.953779966326535833e-01 -9.572671562383283650e-02 -7.070390999999999870e+00 -8.482569244633346717e-01 4.420504532368268319e-02 5.277367753605348710e-01 7.821858600000000195e+01
5.594318264459599011e-01 8.193002790048221906e-02 8.248172537523470460e-01 1.129028349999999961e+02 -3.366037699618806833e-02 9.965275866042406783e-01 -7.615607761171890033e-02 -7.306642000000000081e+00 -8.281926168348834327e-01 1.484047387901965900e-02 5.602470435042332664e-01 7.995432800000000384e+01
5.898504488628190101e-01 9.420524666022991878e-02 8.019986405711773125e-01 1.155848079999999953e+02 -5.098159922572708530e-02 9.955348832244623747e-01 -7.944289032785421811e-02 -7.533178000000000374e+00 -8.059015600659417133e-01 5.972251245666818087e-03 5.920194318587357341e-01 8.195908000000000015e+01
6.271299932927071330e-01 9.451190288817867824e-02 7.731594089999452857e-01 1.184462029999999970e+02 -5.887407654567303195e-02 9.955233681414108471e-01 -7.393961451938478591e-02 -7.756205999999999712e+00 -7.766864326248935635e-01 8.507037301370284910e-04 6.298868641903719867e-01 8.422330999999999790e+01
6.462821326641422504e-01 9.070047752092343096e-02 7.576891370321765518e-01 1.208598230000000058e+02 -5.703235563566343147e-02 9.958753420825198210e-01 -7.056637614807267922e-02 -7.940751999999999811e+00 -7.609643325476793674e-01 2.392991746858447177e-03 6.487893018390209487e-01 8.627241200000000276e+01
6.624730293212919285e-01 6.694540483033827039e-02 7.460883313616244461e-01 1.240464249999999993e+02 -3.071871651525248312e-02 9.975886047562833037e-01 -6.223613191762182584e-02 -8.180377999999999261e+00 -7.484556405542859281e-01 1.831088289827098592e-02 6.629320219222778476e-01 8.912260000000000559e+01
6.774625701037619852e-01 7.077132642648031879e-02 7.321447162031846645e-01 1.272733850000000047e+02 -4.688165097086417765e-02 9.974912688494259605e-01 -5.304035606411534182e-02 -8.400677999999999201e+00 -7.340616982997079099e-01 1.608702893214131180e-03 6.790808752750661093e-01 9.214412799999999493e+01
7.003007235969033184e-01 5.681813332120205090e-02 7.115831618690450222e-01 1.305336819999999989e+02 -2.322554006702178681e-02 9.981131401023274341e-01 -5.683954471727205304e-02 -8.586429000000000755e+00 -7.134700209667176329e-01 2.327787105741659091e-02 7.002989860772221853e-01 9.523592700000000377e+01
7.279333454650622759e-01 4.531201621948682812e-02 6.841490084376118386e-01 1.337757640000000094e+02 -5.655162464205908124e-03 9.981767408867472380e-01 -6.009336976917661888e-02 -8.808317999999999870e+00 -6.856245792688195895e-01 3.987499390390569776e-02 7.268623811724044259e-01 9.854099800000000187e+01
7.389322564803515458e-01 3.015762223054269109e-02 6.731044778890240554e-01 1.369482940000000042e+02 4.881806662162568519e-03 9.987319645257288769e-01 -5.010619720445223108e-02 -9.043798000000000670e+00 -6.737620412998710506e-01 4.031105128842547153e-02 7.378480404849312446e-01 1.020241209999999938e+02
7.357759672574949450e-01 3.832928481425762479e-02 6.761394766850440385e-01 1.401021609999999953e+02 -3.929588843644051671e-03 9.986218993984079528e-01 -5.233412245787708028e-02 -9.256145999999999319e+00 -6.772136179506563769e-01 3.584923942768782068e-02 7.349126122843713249e-01 1.055046729999999968e+02
7.238052313545186855e-01 3.621542543882687315e-02 6.890532853300364025e-01 1.432762850000000014e+02 -8.308333743835967858e-03 9.990067064375963701e-01 -4.377867155484568840e-02 -9.480313999999999908e+00 -6.899543163530703627e-01 2.596234683133999410e-02 7.233871701190009995e-01 1.089478450000000009e+02
7.113104109748271675e-01 5.532291720453144657e-02 7.006974197689065376e-01 1.458219530000000077e+02 -1.877163975524416203e-02 9.980372646946737980e-01 -5.974314874253797147e-02 -9.662383000000000166e+00 -7.026273014761964530e-01 2.934268414365388822e-02 7.109527987901334001e-01 1.115911409999999933e+02
6.948158095608706342e-01 5.006366350061363518e-02 7.174431129930576301e-01 1.490234930000000020e+02 -1.904599012895445004e-02 9.985051970171036073e-01 -5.123106274364086499e-02 -9.890757000000000687e+00 -7.189354915736736462e-01 2.193173788673445646e-02 6.947307088570273681e-01 1.147931719999999984e+02
6.746236030776495696e-01 5.174046953695879414e-02 7.363463301888757417e-01 1.522959769999999935e+02 -1.584322854795647273e-02 9.983255439724494362e-01 -5.563362617419633643e-02 -1.012483899999999970e+01 -7.379918605782227470e-01 2.586565414227998821e-02 6.743137116032009715e-01 1.178807319999999947e+02
6.444898103195489947e-01 6.279842589501674621e-02 7.620296858386684802e-01 1.556962340000000040e+02 -2.399202597426673689e-02 9.977917139844622030e-01 -6.193608151634445724e-02 -1.034455099999999916e+01 -7.642363947653382228e-01 2.163453741260130958e-02 6.445732539494799518e-01 1.208630079999999936e+02
6.085256226333582985e-01 5.720913763853359424e-02 7.914693178951024422e-01 1.592977799999999888e+02 -2.910392365877806364e-02 9.983358136515989578e-01 -4.978518663481841522e-02 -1.056308300000000067e+01 -7.930003330556345542e-01 7.260699088586605732e-03 6.091779329739360760e-01 1.237663909999999987e+02
5.738234834099037451e-01 5.503349305899929433e-02 8.171278507853277917e-01 1.630734659999999963e+02 -1.633525964750267082e-02 9.983102972734908542e-01 -5.576477068869862413e-02 -1.080802899999999944e+01 -8.188160777485823383e-01 1.865113936035938530e-02 5.737528787038788103e-01 1.264918169999999975e+02
5.465919510320037533e-01 4.457344270680339143e-02 8.362119631243569717e-01 1.668601559999999893e+02 -9.971143315851062339e-03 9.988580015076861107e-01 -4.672546548774211828e-02 -1.104459600000000030e+01 -8.373397251820806630e-01 1.720177401708139486e-02 5.464121920333246951e-01 1.290580290000000048e+02
5.322207148218188744e-01 5.791260654376162442e-02 8.446225433398398819e-01 1.697671190000000081e+02 -1.288626044366280796e-02 9.980961668852501578e-01 -6.031571885295760466e-02 -1.122558899999999937e+01 -8.465075634667006410e-01 2.121724893284689800e-02 5.319537323314794675e-01 1.309061250000000030e+02
5.205467738790365839e-01 3.989418713619971579e-02 8.529006448800873219e-01 1.733325890000000129e+02 3.685766261262737181e-03 9.987935569428788574e-01 -4.896780305935180544e-02 -1.140620200000000040e+01 -8.538251995175560882e-01 2.863362432759785844e-02 5.197717231888162592e-01 1.330885130000000061e+02
5.085418346524001043e-01 4.206879015915877817e-02 8.600089646642736785e-01 1.767430369999999868e+02 -3.664787800035197024e-03 9.989024273777628027e-01 -4.669593032796451326e-02 -1.162046300000000087e+01 -8.610294836640333127e-01 2.059508371816119732e-02 5.081378462463608248e-01 1.351634170000000097e+02
4.964643529225419294e-01 4.350813066621763564e-02 8.669660828677978603e-01 1.799856680000000040e+02 -8.564924582459602920e-03 9.989400415141099776e-01 -4.522649142576738723e-02 -1.178288799999999981e+01 -8.680148549098101185e-01 1.502784168533738765e-02 4.963107651765997774e-01 1.370788750000000107e+02
4.814411864596654933e-01 4.484685041430117036e-02 8.753303056493740852e-01 1.830678800000000024e+02 -6.659488117912427951e-03 9.988484478742833961e-01 -4.751241308481801706e-02 -1.195100500000000032e+01 -8.764530992576365920e-01 1.704518075739585095e-02 4.811854389054501802e-01 1.388033829999999966e+02
4.530274256735998817e-01 5.706605073554606167e-02 8.896682625793724819e-01 1.860579869999999971e+02 -5.412746837183797510e-03 9.981068337068087493e-01 -6.126541177079800060e-02 -1.211064400000000063e+01 -8.914801477089816517e-01 2.293936270293838939e-02 4.524786535070528526e-01 1.403979820000000132e+02
4.192906940014898276e-01 6.882306109043243025e-02 9.052395816500136139e-01 1.891698130000000049e+02 -1.797114896356588609e-02 9.975562098120067667e-01 -6.751774633704049622e-02 -1.230523400000000045e+01 -9.076741440234366021e-01 1.204136734952580487e-02 4.195028650005568904e-01 1.419232430000000136e+02
3.899415818062311745e-01 7.899172948228623536e-02 9.174452950731459833e-01 1.918201239999999927e+02 -2.275924283281044458e-02 9.968362948009127367e-01 -7.615391147711936259e-02 -1.248824899999999971e+01 -9.205582977976636272e-01 8.815216445730481021e-03 3.905057135496015075e-01 1.431042459999999892e+02
3.544159372640653394e-01 6.938585053205563458e-02 9.325100252325319028e-01 1.953538920000000019e+02 -1.742233865264315382e-02 9.975600756101983269e-01 -6.760442045050044091e-02 -1.272755000000000081e+01 -9.349255614909172118e-01 7.713578580572085647e-03 3.547600529602714658e-01 1.445087279999999907e+02
3.282395619545628307e-01 6.140675724181035577e-02 9.425964142372503796e-01 1.992127949999999998e+02 -5.489638008936922192e-03 9.979918633387943050e-01 -6.310391892816315240e-02 -1.294157299999999999e+01 -9.445785588517280340e-01 1.553868960391205367e-02 3.279175129251039600e-01 1.458868500000000097e+02
3.057242790062012494e-01 5.961650380887840300e-02 9.502518285695348288e-01 2.033442900000000009e+02 2.171719551092649719e-02 9.973414996903406937e-01 -6.955786378665171354e-02 -1.322038500000000028e+01 -9.518723804404026767e-01 4.190233250104564988e-02 3.036168076468975796e-01 1.472350050000000010e+02
2.806769429439192609e-01 7.084684200034782608e-02 9.571839837138068630e-01 2.077331729999999936e+02 4.470930026484513931e-03 9.971646987817721630e-01 -7.511707055094693497e-02 -1.353577600000000025e+01 -9.597918860275668207e-01 2.536313233879861073e-02 2.795643879924809561e-01 1.486242450000000019e+02
2.580386196798442611e-01 7.417995482609102131e-02 9.632826195129443603e-01 2.123456520000000012e+02 1.001198505490422108e-02 9.967891966930012559e-01 -7.944216456883428090e-02 -1.386859300000000061e+01 -9.660827246716406913e-01 3.014351767993361450e-02 2.564674198273505512e-01 1.498727969999999914e+02
2.436753793939050727e-01 6.851142756991329685e-02 9.674339738553576762e-01 2.170631270000000086e+02 7.665323366176209074e-03 9.973346179880309137e-01 -7.255964843051838919e-02 -1.423009899999999917e+01 -9.698265578416216393e-01 2.509669410502110912e-02 2.425007291743070947e-01 1.511464210000000037e+02
2.365339741584226441e-01 7.254396159331774618e-02 9.689112718433868787e-01 2.208489879999999914e+02 2.826584395806297501e-03 9.971532534773472900e-01 -7.534852022564489382e-02 -1.447437799999999974e+01 -9.716191072068703916e-01 2.056119441784141563e-02 2.356555702601482727e-01 1.521000589999999875e+02
2.285921493372963520e-01 7.525398570478976368e-02 9.706093276374889722e-01 2.255560289999999952e+02 5.888024315629639127e-03 9.968827130346366028e-01 -7.867774540720483267e-02 -1.480832200000000043e+01 -9.735044737601432630e-01 2.370008624975200942e-02 2.274364647121049909e-01 1.532152920000000051e+02
2.133513710360102344e-01 6.245971354791798880e-02 9.749769108345934798e-01 2.302420089999999959e+02 3.188264027800841172e-03 9.979044493729054555e-01 -6.462619356149060246e-02 -1.513951899999999995e+01 -9.769703308952343290e-01 1.689657081393291377e-02 2.127051443787526530e-01 1.542783750000000111e+02
1.930289333858051515e-01 6.136335387353394899e-02 9.792723674633782016e-01 2.348756410000000017e+02 3.833961159408847547e-03 9.979876979803667947e-01 -6.329182744775437020e-02 -1.542943900000000035e+01 -9.811855745055398925e-01 1.597164616561538505e-02 1.924052361579430270e-01 1.552418820000000039e+02
1.744558719101421129e-01 6.839172858282932532e-02 9.822869846524107107e-01 2.395697079999999914e+02 -1.290882595067060351e-02 9.976580806280428426e-01 -6.716931122279545807e-02 -1.570413699999999935e+01 -9.845803730364768303e-01 -9.620909635105132085e-04 1.749301672449052880e-01 1.561437709999999868e+02
1.579026258190509291e-01 6.568935334670829296e-02 9.852673087118745121e-01 2.442130950000000098e+02 -1.723465813805634059e-02 9.978161802562079963e-01 -6.376391595389072076e-02 -1.600772500000000065e+01 -9.873042729160615982e-01 -6.912255478627359062e-03 1.586899284954311762e-01 1.569687419999999918e+02
1.372175729309086933e-01 6.460141467739549670e-02 9.884320891698278322e-01 2.488146629999999959e+02 -7.912605793292573630e-03 9.979106680529873374e-01 -6.412245515886261238e-02 -1.626082200000000100e+01 -9.905093277443232092e-01 9.776541922286996478e-04 1.374420454001238356e-01 1.576753469999999879e+02
1.128748782913653881e-01 8.826771466690143397e-02 9.896807931844451289e-01 2.533053160000000048e+02 -5.314557537523315056e-03 9.960857015061583830e-01 -8.823282117876915520e-02 -1.654825500000000105e+01 -9.935949966303625480e-01 4.699553432696956801e-03 1.129021561735799040e-01 1.582525630000000092e+02
9.091439329679099068e-02 7.150070848193211537e-02 9.932885893727250171e-01 2.568172850000000267e+02 -1.842274632682934163e-02 9.973692580821698073e-01 -7.010824095924318711e-02 -1.681106399999999823e+01 -9.956882923431678023e-01 -1.192525551943305825e-02 9.199246040596220642e-02 1.586274119999999925e+02
5.579370254888159353e-02 6.653628306793940572e-02 9.962228595005184761e-01 2.612402870000000235e+02 -2.335069789209847507e-02 9.975911260494096933e-01 -6.531990611921260903e-02 -1.709016099999999838e+01 -9.981692279688041403e-01 -1.961805961286286135e-02 5.721297119698720568e-02 1.589633870000000115e+02
2.562316963423866972e-02 6.565258270904283933e-02 9.975135044507051907e-01 2.656253879999999867e+02 -1.767269444617173418e-02 9.977149324746772407e-01 -6.521188072784343814e-02 -1.734207299999999918e+01 -9.995154471287109876e-01 -1.595781628803001617e-02 2.672487699523051763e-02 1.591537899999999865e+02
1.094536400490927694e-02 6.447498352856471937e-02 9.978592964470448523e-01 2.699605139999999892e+02 -5.760900486355621797e-03 9.979065784747495060e-01 -6.441484815168800615e-02 -1.760905699999999996e+01 -9.999235025902662999e-01 -5.043524145875069586e-03 1.129388470826719892e-02 1.592435710000000029e+02
8.816433556574866312e-03 6.878360395873100996e-02 9.975926454850152503e-01 2.742732250000000249e+02 5.979043613620754760e-03 9.976099591150062729e-01 -6.883763877430799927e-02 -1.786807200000000151e+01 -9.999432591586430163e-01 6.571552404427413036e-03 8.384101751943595637e-03 1.592942940000000078e+02
1.988873155145057942e-02 6.305467160643798974e-02 9.978118794371402256e-01 2.783962599999999838e+02 1.044081667882624728e-02 9.979417674515567160e-01 -6.327098958244711802e-02 -1.812448099999999940e+01 -9.997476820199948655e-01 1.167635063995815445e-02 1.918945364983770663e-02 1.593679600000000107e+02
3.916077573922449595e-02 5.870546994349800513e-02 9.975069430546411597e-01 2.822796260000000075e+02 1.308053071302869852e-03 9.982688283550766872e-01 -5.880166096076709648e-02 -1.836347699999999961e+01 -9.992320664593709045e-01 3.607510678487062944e-03 3.901619184440963117e-02 1.595291449999999998e+02
5.323606999120537170e-02 5.196278005415091994e-02 9.972290561054344415e-01 2.852087690000000180e+02 -2.217432370858436058e-03 9.986488692602970563e-01 -5.191838709754719589e-02 -1.853519400000000061e+01 -9.985794930027216409e-01 5.526428991867310403e-04 5.327936505115116184e-02 1.597125800000000027e+02
7.088241859568748804e-02 5.925296298834328845e-02 9.957232392141539545e-01 2.885022089999999935e+02 -7.626005425425647771e-03 9.982371367878646318e-01 -5.885968721304300766e-02 -1.869867699999999999e+01 -9.974555262142150713e-01 -3.421273837023407899e-03 7.120932600477958285e-02 1.599416249999999877e+02
8.586314901018426982e-02 6.267947262254161545e-02 9.943333461942301943e-01 2.914724390000000085e+02 -1.561283074897013706e-02 9.979811904287556601e-01 -6.156121397769559467e-02 -1.887542399999999887e+01 -9.961846009440512573e-01 -1.023851855317292961e-02 8.666841166063576907e-02 1.601988310000000126e+02
1.002286286280451993e-01 6.489527540009554230e-02 9.928458214819091410e-01 2.942028559999999970e+02 -2.014988425575571854e-02 9.977984053999378045e-01 -6.318484269048210700e-02 -1.904419299999999993e+01 -9.947603752501508190e-01 -1.367279825372539476e-02 1.013155981085434032e-01 1.604957540000000051e+02
1.082791480557859926e-01 7.180549980684802769e-02 9.915238758062266955e-01 2.967055799999999977e+02 -2.304486189259561529e-02 9.973012727486804119e-01 -6.970728594783588694e-02 -1.919944999999999879e+01 -9.938533898099176644e-01 -1.530168524545289302e-02 1.096416799943558118e-01 1.608007519999999886e+02
1.037894807507052236e-01 7.119160854827075169e-02 9.920481331859902774e-01 2.992014740000000188e+02 -2.170693980807892470e-02 9.973595516288363827e-01 -6.930175711260791460e-02 -1.936496999999999957e+01 -9.943623848726714787e-01 -1.434153572795630535e-02 1.050607819469107085e-01 1.610975050000000124e+02
9.325594992170965769e-02 8.651115793641994678e-02 9.918765786914717220e-01 3.018361110000000167e+02 -1.214869743422810483e-02 9.962426361250062978e-01 -8.574974703956751709e-02 -1.952574200000000104e+01 -9.955680473753921733e-01 -4.053334330898855642e-03 9.395655126679991476e-02 1.613506089999999915e+02
8.576776926777451848e-02 8.060162849221644277e-02 9.930494787467705198e-01 3.041910219999999754e+02 -5.877859109190350373e-04 9.967261649239476107e-01 -8.084928363147407537e-02 -1.969842600000000132e+01 -9.963149824541197574e-01 6.350562211516294631e-03 8.553435623797578380e-02 1.615234910000000070e+02
7.774434401454990984e-02 8.024458848355957297e-02 9.937387096178006418e-01 3.073699030000000221e+02 4.218316743243799571e-03 9.967201631911897231e-01 -8.081535802050020256e-02 -1.990722699999999890e+01 -9.969644039671631264e-01 1.047484163279503722e-02 7.715085816221922688e-02 1.617604430000000093e+02
6.853630737267625561e-02 8.617186694446871131e-02 9.939201094248081292e-01 3.107863820000000032e+02 -4.095203352596311908e-03 9.962786053641389250e-01 -8.609395915618692219e-02 -2.014832200000000029e+01 -9.976402176542497058e-01 1.830257083329678292e-03 6.863414804446832385e-02 1.620585340000000087e+02
6.120190061124677894e-02 9.916144837005871904e-02 9.931874619218283851e-01 3.144408300000000054e+02 3.859619664048193066e-03 9.950218302978597329e-01 -9.958243101444161360e-02 -2.044461199999999934e+01 -9.981179442819470005e-01 9.927959903691795096e-03 6.051450168786587369e-02 1.623140319999999974e+02
5.748229010304251735e-02 9.397407132602424162e-02 9.939138092626143006e-01 3.183243790000000217e+02 1.587217579113327226e-02 9.953480909127638832e-01 -9.502763783222062388e-02 -2.077916899999999956e+01 -9.982203465969647915e-01 2.123798094752967630e-02 5.572331473546188185e-02 1.624996329999999887e+02
6.259783947870567467e-02 8.776057286370432531e-02 9.941728181474449588e-01 3.224296019999999885e+02 1.785200861154256913e-02 9.958685641579811954e-01 -8.903431198394448631e-02 -2.109477100000000149e+01 -9.978791591576263720e-01 2.332133728059768846e-02 6.077251801853367219e-02 1.627550799999999924e+02
7.396747870066849861e-02 8.301024042035905215e-02 9.937998350171024509e-01 3.266839380000000119e+02 2.430503134035726445e-02 9.960836137916044830e-01 -8.500999816140462906e-02 -2.142399500000000145e+01 -9.969644314348482528e-01 3.044231136448012631e-02 7.166022699222796000e-02 1.630467849999999999e+02
8.878146934904494747e-02 8.275164182964638016e-02 9.926076850774038229e-01 3.311317480000000160e+02 2.752594273273949177e-02 9.959584691631686582e-01 -8.549298321401394007e-02 -2.175655499999999876e+01 -9.956707152351617074e-01 3.491265496429112741e-02 8.614483934888861327e-02 1.634121749999999906e+02
9.836039073976127201e-02 8.377593400557198366e-02 9.916182866481514369e-01 3.347986849999999777e+02 1.968343304065260646e-02 9.960914969731258228e-01 -8.610628386808570622e-02 -2.203915800000000047e+01 -9.949561779280812202e-01 2.798789987353926881e-02 9.632695086741360768e-02 1.637580030000000022e+02
1.045235682708388208e-01 7.966723143817280861e-02 9.913263619570035212e-01 3.394484049999999797e+02 2.319571007368776555e-02 9.963199076010594846e-01 -8.251424575183249899e-02 -2.237644099999999980e+01 -9.942518708607536171e-01 3.161920227951674212e-02 1.022909738789219425e-01 1.642313259999999957e+02
1.052472672709071355e-01 7.870763027037869231e-02 9.913264455613132187e-01 3.440350940000000151e+02 1.490077546339959452e-02 9.966262079530479046e-01 -8.071039903084034628e-02 -2.271151199999999903e+01 -9.943344405292392496e-01 2.326608171457955274e-02 1.037193801517098946e-01 1.647530610000000024e+02
1.066695367753814766e-01 7.879798760343215136e-02 9.911672346651569931e-01 3.486108939999999734e+02 1.160738059274198791e-02 9.966881449260333037e-01 -8.048608873387835816e-02 -2.303995099999999852e+01 -9.942267742521824214e-01 2.009026912591912670e-02 1.054016244967190818e-01 1.652394649999999956e+02
1.125127581056311887e-01 7.635141952578194946e-02 9.907125415577728855e-01 3.531264560000000188e+02 2.334231687902293267e-02 9.965652479799478325e-01 -7.945339993596534089e-02 -2.337404199999999932e+01 -9.933760695256268480e-01 3.206504724872895340e-02 1.103440856537122317e-01 1.657463620000000049e+02
1.287991061376700941e-01 8.603916664238581147e-02 9.879311980404408278e-01 3.576225319999999783e+02 3.714529854887357874e-02 9.951113786637983960e-01 -9.150721747244588977e-02 -2.371517000000000053e+01 -9.909747812400939715e-01 4.848304711255493199e-02 1.249735055474940904e-01 1.662676130000000114e+02
1.508777100642049174e-01 7.617303953886753187e-02 9.856133038130074908e-01 3.621213690000000156e+02 3.082517403758944230e-02 9.961794777682139168e-01 -8.170836382525889507e-02 -2.406709199999999882e+01 -9.880717207021634252e-01 4.270967245084746067e-02 1.479532312178658549e-01 1.669175409999999999e+02
1.778839177851645470e-01 7.819762435088978281e-02 9.809395717062687758e-01 3.657259770000000003e+02 2.287492956935665081e-02 9.962397063641269535e-01 -8.356545375162557909e-02 -2.433332100000000153e+01 -9.837855708387870379e-01 3.730387391940991060e-02 1.754262568716752346e-01 1.675597300000000018e+02
2.237843673389995625e-01 7.930999312694637926e-02 9.714064452765831525e-01 3.702203880000000140e+02 1.430947647894430241e-02 9.963088733206875158e-01 -8.463963507341396020e-02 -2.467806500000000014e+01 -9.745336299059064178e-01 3.284134486688790322e-02 2.218234664091062180e-01 1.685308689999999956e+02
2.546354494644099131e-01 7.913302911197900302e-02 9.637939362641894103e-01 3.746857029999999895e+02 8.746578127132975666e-03 9.964170383147779031e-01 -8.412242939354727667e-02 -2.501734799999999836e+01 -9.669975621722755044e-01 2.985045158065573884e-02 2.530309571837150440e-01 1.696690739999999948e+02
2.777682960202201290e-01 7.626492220032735081e-02 9.576160166621073833e-01 3.791843470000000025e+02 8.822158189530165950e-03 9.965991598327185175e-01 -8.192853071792716158e-02 -2.540827799999999925e+01 -9.606075906690006994e-01 3.120538835677975562e-02 2.761508292339537318e-01 1.709246929999999907e+02
3.000801699325699179e-01 6.823331431353654719e-02 9.514704968789258199e-01 3.835788229999999999e+02 7.525454621030248925e-03 9.972380856046166864e-01 -7.388889058841086044e-02 -2.576275400000000104e+01 -9.538843007126109885e-01 2.933283889141085482e-02 2.987378874809550888e-01 1.723000729999999976e+02
3.187995456893713553e-01 6.864045353175801667e-02 9.453334532360551101e-01 3.878575180000000273e+02 -3.701743411119895466e-03 9.974568488523781751e-01 -7.117676427881597379e-02 -2.609835400000000050e+01 -9.478149327605935870e-01 1.919173823389821315e-02 3.182428796054875830e-01 1.737376460000000122e+02
3.224645945476327102e-01 7.723988480105402343e-02 9.434249230644432549e-01 3.920284449999999765e+02 -1.790526758730772924e-02 9.969846627124981930e-01 -7.550485884148858129e-02 -2.639033200000000079e+01 -9.464121653148048763e-01 7.455367996692781329e-03 3.228752558375698190e-01 1.752104830000000106e+02
3.211889044366573742e-01 7.192483192088794386e-02 9.442798876498069705e-01 3.952389329999999745e+02 -2.126642804391290151e-02 9.974080573720197629e-01 -6.873795259990547746e-02 -2.662004800000000060e+01 -9.467763340435971786e-01 1.996407404763762827e-03 3.218859854862298198e-01 1.763635539999999935e+02
3.205548006948399919e-01 7.305429706218728725e-02 9.444086453608105947e-01 3.992761060000000271e+02 -1.060506119336599232e-02 9.972357987431527127e-01 -7.354110675119822360e-02 -2.690737499999999827e+01 -9.471706036552108854e-01 1.355844334191302555e-02 3.204434680026536642e-01 1.776820779999999900e+02
3.199718746401839509e-01 7.288256515782701173e-02 9.446195695279987481e-01 4.033911929999999870e+02 -1.024494469577499900e-02 9.972446133457435469e-01 -7.347259530654248749e-02 -2.723069999999999879e+01 -9.473716485875155469e-01 1.383158880655285458e-02 3.198369062563911625e-01 1.790268509999999935e+02
